,date,open,volume,ticker,change
0,1993-01-25,13.3125,4157000,EXC,
1,1993-02-01,13.8125,4225600,EXC,3.755868544600939
2,1993-02-08,14.25,5506200,EXC,3.167420814479638
3,1993-02-15,14.4375,4214000,EXC,1.3157894736842104
4,1993-02-22,14.5,7500200,EXC,0.4329004329004329
5,1993-03-01,14.6875,3893000,EXC,1.293103448275862
6,1993-03-08,14.5,3394200,EXC,-1.276595744680851
7,1993-03-15,14.6875,3416800,EXC,1.293103448275862
8,1993-03-22,14.75,4368400,EXC,0.425531914893617
9,1993-03-29,14.875,5556600,EXC,0.847457627118644
10,1993-04-05,14.75,1533000,EXC,-0.8403361344537815
11,1993-04-12,15.0625,3085400,EXC,2.11864406779661
12,1993-04-19,15.25,3691600,EXC,1.2448132780082988
13,1993-04-26,14.6875,1876000,EXC,-3.6885245901639343
14,1993-05-03,14.8125,2198800,EXC,0.851063829787234
15,1993-05-10,14.75,3022600,EXC,-0.42194092827004215
16,1993-05-17,14.5625,7594400,EXC,-1.2711864406779663
17,1993-05-24,14.25,4830200,EXC,-2.1459227467811157
18,1993-05-31,14.875,1813600,EXC,4.385964912280702
19,1993-06-07,14.875,2328600,EXC,0.0
20,1993-06-14,14.75,1712600,EXC,-0.8403361344537815
21,1993-06-21,14.9375,2515000,EXC,1.2711864406779663
22,1993-06-28,15.125,3499000,EXC,1.2552301255230123
23,1993-07-05,15.4375,2202400,EXC,2.066115702479339
24,1993-07-12,15.4375,3475400,EXC,0.0
25,1993-07-19,15.4375,2105800,EXC,0.0
26,1993-07-26,15.4375,2218000,EXC,0.0
27,1993-08-02,15.75,3233600,EXC,2.0242914979757085
28,1993-08-09,16.25,2305200,EXC,3.1746031746031744
29,1993-08-16,16.1875,3567200,EXC,-0.3846153846153847
30,1993-08-23,16.0,4061400,EXC,-1.158301158301158
31,1993-08-30,16.3125,4790000,EXC,1.953125
32,1993-09-06,16.0625,5024800,EXC,-1.532567049808429
33,1993-09-13,16.1875,4528400,EXC,0.7782101167315175
34,1993-09-20,16.4375,4101400,EXC,1.5444015444015444
35,1993-09-27,16.4375,2877000,EXC,0.0
36,1993-10-04,16.375,3743600,EXC,-0.38022813688212925
37,1993-10-11,15.875,2998400,EXC,-3.053435114503817
38,1993-10-18,16.125,1764000,EXC,1.574803149606299
39,1993-10-25,15.875,5370200,EXC,-1.5503875968992247
40,1993-11-01,15.625,8386200,EXC,-1.574803149606299
41,1993-11-08,14.125,5459200,EXC,-9.6
42,1993-11-15,13.875,5086200,EXC,-1.7699115044247788
43,1993-11-22,13.75,2189400,EXC,-0.9009009009009007
44,1993-11-29,14.0625,2531200,EXC,2.272727272727273
45,1993-12-06,13.875,3959600,EXC,-1.3333333333333335
46,1993-12-13,14.125,3735800,EXC,1.8018018018018014
47,1993-12-20,14.5625,3649000,EXC,3.0973451327433623
48,1993-12-27,14.9375,2448200,EXC,2.575107296137339
49,1994-01-03,15.0,3255400,EXC,0.41841004184100417
50,1994-01-10,14.375,3220000,EXC,-4.166666666666666
51,1994-01-17,13.875,4097400,EXC,-3.4782608695652173
52,1994-01-24,13.75,5810800,EXC,-0.9009009009009007
53,1994-01-31,14.5,4882800,EXC,5.454545454545453
54,1994-02-07,13.625,5165000,EXC,-6.0344827586206895
55,1994-02-14,13.6875,5912800,EXC,0.45871559633027537
56,1994-02-21,12.75,4617600,EXC,-6.8493150684931505
57,1994-02-28,13.3125,6613200,EXC,4.411764705882353
58,1994-03-07,13.75,4256200,EXC,3.286384976525822
59,1994-03-14,14.0,4737600,EXC,1.8181818181818181
60,1994-03-21,13.9375,3474400,EXC,-0.4464285714285714
61,1994-03-28,13.9375,3752000,EXC,0.0
62,1994-04-04,13.875,4185400,EXC,-0.4484304932735426
63,1994-04-11,14.0,3542600,EXC,0.9009009009009007
64,1994-04-18,13.875,4680800,EXC,-0.8928571428571428
65,1994-04-25,14.25,3884800,EXC,2.702702702702703
66,1994-05-02,14.25,2893400,EXC,0.0
67,1994-05-09,13.375,7326000,EXC,-6.140350877192983
68,1994-05-16,13.125,5770200,EXC,-1.8691588785046727
69,1994-05-23,13.4375,3975800,EXC,2.380952380952381
70,1994-05-30,13.4375,5172000,EXC,0.0
71,1994-06-06,14.3125,1880000,EXC,6.511627906976744
72,1994-06-13,13.875,2754000,EXC,-3.056768558951965
73,1994-06-20,13.25,4013000,EXC,-4.504504504504504
74,1994-06-27,12.875,3417800,EXC,-2.8301886792452833
75,1994-07-04,13.4375,2949200,EXC,4.368932038834951
76,1994-07-11,13.1875,5102600,EXC,-1.8604651162790697
77,1994-07-18,12.75,3263400,EXC,-3.3175355450236967
78,1994-07-25,12.8125,2141200,EXC,0.49019607843137253
79,1994-08-01,13.0,4309600,EXC,1.4634146341463417
80,1994-08-08,13.25,4663400,EXC,1.9230769230769231
81,1994-08-15,13.875,8163000,EXC,4.716981132075472
82,1994-08-22,13.875,3524200,EXC,0.0
83,1994-08-29,13.8125,2073200,EXC,-0.45045045045045046
84,1994-09-05,13.25,2031600,EXC,-4.072398190045249
85,1994-09-12,12.875,4223400,EXC,-2.8301886792452833
86,1994-09-19,12.5625,4499600,EXC,-2.4271844660194173
87,1994-09-26,12.0,5372400,EXC,-4.477611940298507
88,1994-10-03,12.625,3710400,EXC,5.208333333333334
89,1994-10-10,12.5,2819200,EXC,-0.99009900990099
90,1994-10-17,12.8125,3399800,EXC,2.5
91,1994-10-24,12.5,4068000,EXC,-2.4390243902439024
92,1994-10-31,12.875,4839400,EXC,3.0
93,1994-11-07,12.375,5599600,EXC,-3.8834951456310685
94,1994-11-14,12.125,3491600,EXC,-2.0202020202020203
95,1994-11-21,11.9375,2421400,EXC,-1.5463917525773196
96,1994-11-28,12.25,5698800,EXC,2.617801047120419
97,1994-12-05,12.0625,3293200,EXC,-1.530612244897959
98,1994-12-12,12.125,5527000,EXC,0.5181347150259068
99,1994-12-19,12.1875,2987000,EXC,0.5154639175257731
100,1994-12-26,12.5,1764000,EXC,2.564102564102564
101,1995-01-02,12.25,1812200,EXC,-2.0
102,1995-01-09,12.4375,2145400,EXC,1.530612244897959
103,1995-01-16,12.375,4515800,EXC,-0.5025125628140703
104,1995-01-23,12.6875,3124800,EXC,2.525252525252525
105,1995-01-30,13.1875,3958800,EXC,3.9408866995073883
106,1995-02-06,13.5,2242800,EXC,2.3696682464454972
107,1995-02-13,13.3125,6355200,EXC,-1.3888888888888888
108,1995-02-20,13.125,3436800,EXC,-1.4084507042253518
109,1995-02-27,13.3125,5430800,EXC,1.4285714285714284
110,1995-03-06,12.8125,4115600,EXC,-3.755868544600939
111,1995-03-13,12.6875,4329400,EXC,-0.975609756097561
112,1995-03-20,12.625,4724000,EXC,-0.49261083743842365
113,1995-03-27,12.6875,3905800,EXC,0.49504950495049505
114,1995-04-03,12.5625,4379000,EXC,-0.9852216748768471
115,1995-04-10,13.0625,2307600,EXC,3.9800995024875623
116,1995-04-17,13.0625,2423600,EXC,0.0
117,1995-04-24,12.875,3802400,EXC,-1.4354066985645932
118,1995-05-01,12.8125,5277000,EXC,-0.48543689320388345
119,1995-05-08,13.25,3216400,EXC,3.414634146341464
120,1995-05-15,13.0625,6976000,EXC,-1.4150943396226416
121,1995-05-22,13.125,4491400,EXC,0.4784688995215311
122,1995-05-29,13.5625,5464200,EXC,3.3333333333333335
123,1995-06-05,14.6875,7724400,EXC,8.294930875576037
124,1995-06-12,13.9375,4270400,EXC,-5.106382978723404
125,1995-06-19,13.8125,3810600,EXC,-0.8968609865470852
126,1995-06-26,13.75,3327000,EXC,-0.4524886877828055
127,1995-07-03,13.875,2738800,EXC,0.9090909090909091
128,1995-07-10,14.0,2677800,EXC,0.9009009009009007
129,1995-07-17,14.0,4198800,EXC,0.0
130,1995-07-24,14.0,2855800,EXC,0.0
131,1995-07-31,14.25,5586600,EXC,1.7857142857142856
132,1995-08-07,14.0625,1984400,EXC,-1.3157894736842104
133,1995-08-14,13.8125,10758000,EXC,-1.7777777777777777
134,1995-08-21,13.375,5475600,EXC,-3.167420814479638
135,1995-08-28,13.25,2065000,EXC,-0.9345794392523363
136,1995-09-04,13.375,2519200,EXC,0.9433962264150944
137,1995-09-11,13.0625,3828600,EXC,-2.336448598130841
138,1995-09-18,13.0,4954000,EXC,-0.4784688995215311
139,1995-09-25,13.6875,4021400,EXC,5.288461538461537
140,1995-10-02,14.3125,2942800,EXC,4.5662100456621
141,1995-10-09,14.4375,3604200,EXC,0.8733624454148471
142,1995-10-16,14.5,1860000,EXC,0.4329004329004329
143,1995-10-23,14.8125,5783600,EXC,2.155172413793104
144,1995-10-30,14.6875,3757600,EXC,-0.8438818565400843
145,1995-11-06,14.75,6619000,EXC,0.425531914893617
146,1995-11-13,14.375,11020200,EXC,-2.5423728813559325
147,1995-11-20,14.3125,1434800,EXC,-0.43478260869565216
148,1995-11-27,14.5,2300000,EXC,1.310043668122271
149,1995-12-04,14.5625,3155200,EXC,0.43103448275862066
150,1995-12-11,14.6875,4241200,EXC,0.8583690987124462
151,1995-12-18,14.5625,5496800,EXC,-0.851063829787234
152,1995-12-25,15.0,2965200,EXC,3.0042918454935625
153,1996-01-01,15.0,3253200,EXC,0.0
154,1996-01-08,15.375,1783800,EXC,2.5
155,1996-01-15,15.3125,4498400,EXC,-0.40650406504065045
156,1996-01-22,15.5,3545000,EXC,1.2244897959183672
157,1996-01-29,15.375,2583600,EXC,-0.8064516129032258
158,1996-02-05,15.25,4027200,EXC,-0.8130081300813009
159,1996-02-12,15.6875,7041200,EXC,2.8688524590163933
160,1996-02-19,15.375,5246800,EXC,-1.9920318725099602
161,1996-02-26,14.5,14950000,EXC,-5.691056910569105
162,1996-03-04,14.125,6826400,EXC,-2.586206896551724
163,1996-03-11,13.625,6426600,EXC,-3.5398230088495577
164,1996-03-18,13.25,6553800,EXC,-2.7522935779816518
165,1996-03-25,13.5625,8996400,EXC,2.358490566037736
166,1996-04-01,13.375,6538200,EXC,-1.3824884792626728
167,1996-04-08,12.9375,6368000,EXC,-3.2710280373831764
168,1996-04-15,12.4375,9279600,EXC,-3.864734299516908
169,1996-04-22,12.375,4429000,EXC,-0.5025125628140703
170,1996-04-29,12.375,3317800,EXC,0.0
171,1996-05-06,12.25,4168800,EXC,-1.0101010101010102
172,1996-05-13,12.8125,4959200,EXC,4.591836734693878
173,1996-05-20,13.0625,9735200,EXC,1.951219512195122
174,1996-05-27,12.625,2854400,EXC,-3.349282296650718
175,1996-06-03,12.25,3549000,EXC,-2.9702970297029703
176,1996-06-10,12.25,5446400,EXC,0.0
177,1996-06-17,12.0,9334000,EXC,-2.040816326530612
178,1996-06-24,12.0,11211200,EXC,0.0
179,1996-07-01,13.0,3540000,EXC,8.333333333333332
180,1996-07-08,12.5,4576200,EXC,-3.8461538461538463
181,1996-07-15,12.875,4311000,EXC,3.0
182,1996-07-22,12.1875,2734600,EXC,-5.339805825242718
183,1996-07-29,11.875,2685200,EXC,-2.564102564102564
184,1996-08-05,12.25,2279600,EXC,3.157894736842105
185,1996-08-12,12.0625,4025600,EXC,-1.530612244897959
186,1996-08-19,12.0625,9373400,EXC,0.0
187,1996-08-26,11.8125,4190200,EXC,-2.072538860103627
188,1996-09-02,11.625,2617000,EXC,-1.5873015873015872
189,1996-09-09,11.6875,2047400,EXC,0.5376344086021506
190,1996-09-16,11.9375,4181600,EXC,2.13903743315508
191,1996-09-23,12.0625,5756600,EXC,1.0471204188481675
192,1996-09-30,12.0,4535200,EXC,-0.5181347150259068
193,1996-10-07,12.4375,3588000,EXC,3.6458333333333335
194,1996-10-14,12.3125,2676400,EXC,-1.0050251256281406
195,1996-10-21,12.125,2676000,EXC,-1.5228426395939088
196,1996-10-28,12.0,3728200,EXC,-1.0309278350515463
197,1996-11-04,12.6875,6372800,EXC,5.729166666666665
198,1996-11-11,13.5625,11201200,EXC,6.896551724137931
199,1996-11-18,13.1875,5024000,EXC,-2.7649769585253456
200,1996-11-25,13.0,5038600,EXC,-1.4218009478672986
201,1996-12-02,12.75,7593800,EXC,-1.9230769230769231
202,1996-12-09,12.625,6824000,EXC,-0.9803921568627451
203,1996-12-16,12.625,14700000,EXC,0.0
204,1996-12-23,12.4375,3024400,EXC,-1.4851485148514851
205,1996-12-30,12.625,3622200,EXC,1.507537688442211
206,1997-01-06,12.5625,4566400,EXC,-0.49504950495049505
207,1997-01-13,12.9375,8288200,EXC,2.985074626865672
208,1997-01-20,12.75,8980200,EXC,-1.4492753623188406
209,1997-01-27,12.75,27129800,EXC,0.0
210,1997-02-03,11.5625,8781600,EXC,-9.31372549019608
211,1997-02-10,11.4375,9179000,EXC,-1.0810810810810814
212,1997-02-17,11.5,7687000,EXC,0.546448087431694
213,1997-02-24,10.875,7040600,EXC,-5.434782608695652
214,1997-03-03,11.25,4566400,EXC,3.448275862068965
215,1997-03-10,11.0625,4849400,EXC,-1.6666666666666667
216,1997-03-17,10.4375,7648600,EXC,-5.649717514124294
217,1997-03-24,10.1875,3480600,EXC,-2.395209580838324
218,1997-03-31,10.125,7746400,EXC,-0.6134969325153374
219,1997-04-07,9.875,5382400,EXC,-2.469135802469136
220,1997-04-14,9.875,7618000,EXC,0.0
221,1997-04-21,9.75,3512600,EXC,-1.2658227848101267
222,1997-04-28,9.625,4119200,EXC,-1.282051282051282
223,1997-05-05,10.0,7897800,EXC,3.896103896103896
224,1997-05-12,10.0625,7658800,EXC,0.625
225,1997-05-19,10.1875,16115000,EXC,1.2422360248447204
226,1997-05-26,10.0,10503800,EXC,-1.8404907975460123
227,1997-06-02,9.5625,6107800,EXC,-4.375
228,1997-06-09,9.75,6623000,EXC,1.9607843137254901
229,1997-06-16,10.125,8486000,EXC,3.8461538461538463
230,1997-06-23,10.125,10598000,EXC,0.0
231,1997-06-30,10.34375,6487000,EXC,2.1604938271604937
232,1997-07-07,11.0,6511600,EXC,6.3444108761329305
233,1997-07-14,11.3125,3907600,EXC,2.8409090909090904
234,1997-07-21,10.75,4889800,EXC,-4.972375690607735
235,1997-07-28,11.09375,6006000,EXC,3.1976744186046515
236,1997-08-04,11.4375,3763800,EXC,3.098591549295775
237,1997-08-11,11.28125,5476200,EXC,-1.366120218579235
238,1997-08-18,11.21875,12510600,EXC,-0.554016620498615
239,1997-08-25,11.46875,9914400,EXC,2.228412256267409
240,1997-09-01,11.96875,4211800,EXC,4.35967302452316
241,1997-09-08,11.9375,4288000,EXC,-0.26109660574412535
242,1997-09-15,12.0,5492800,EXC,0.5235602094240838
243,1997-09-22,12.0,5054000,EXC,0.0
244,1997-09-29,11.59375,4410800,EXC,-3.3854166666666665
245,1997-10-06,11.875,3645800,EXC,2.425876010781671
246,1997-10-13,11.25,3677600,EXC,-5.263157894736842
247,1997-10-20,11.25,5661600,EXC,0.0
248,1997-10-27,11.3125,3919200,EXC,0.5555555555555557
249,1997-11-03,11.375,3756800,EXC,0.5524861878453038
250,1997-11-10,11.28125,9156200,EXC,-0.8241758241758242
251,1997-11-17,11.5,5702400,EXC,1.9390581717451518
252,1997-11-24,11.90625,5888400,EXC,3.532608695652174
253,1997-12-01,12.21875,3520800,EXC,2.6246719160104988
254,1997-12-08,12.28125,6741000,EXC,0.5115089514066496
255,1997-12-15,11.25,5341200,EXC,-8.396946564885496
256,1997-12-22,12.0,2857600,EXC,6.666666666666668
257,1997-12-29,12.4375,2614200,EXC,3.6458333333333335
258,1998-01-05,12.25,5665400,EXC,-1.507537688442211
259,1998-01-12,11.75,4548600,EXC,-4.081632653061224
260,1998-01-19,11.71875,6034000,EXC,-0.2659574468085107
261,1998-01-26,11.46875,17534400,EXC,-2.1333333333333333
262,1998-02-02,9.59375,11100200,EXC,-16.348773841961854
263,1998-02-09,10.0,6946200,EXC,4.234527687296417
264,1998-02-16,10.0625,11417600,EXC,0.625
265,1998-02-23,9.84375,6525200,EXC,-2.1739130434782608
266,1998-03-02,9.8125,10470000,EXC,-0.31746031746031744
267,1998-03-09,10.5,7641600,EXC,7.006369426751593
268,1998-03-16,10.78125,4643200,EXC,2.6785714285714284
269,1998-03-23,10.96875,5371200,EXC,1.7391304347826086
270,1998-03-30,10.75,4860600,EXC,-1.9943019943019942
271,1998-04-06,11.0625,3227400,EXC,2.9069767441860463
272,1998-04-13,10.875,5956600,EXC,-1.694915254237288
273,1998-04-20,10.875,5848800,EXC,0.0
274,1998-04-27,11.125,6312000,EXC,2.298850574712644
275,1998-05-04,12.0,5379000,EXC,7.865168539325842
276,1998-05-11,11.84375,10244800,EXC,-1.3020833333333335
277,1998-05-18,13.09375,20820600,EXC,10.554089709762533
278,1998-05-25,13.5,10513400,EXC,3.1026252983293556
279,1998-06-01,14.0625,8495400,EXC,4.166666666666666
280,1998-06-08,14.15625,8613000,EXC,0.6666666666666667
281,1998-06-15,14.8125,7024600,EXC,4.635761589403973
282,1998-06-22,14.625,5792400,EXC,-1.2658227848101267
283,1998-06-29,14.21875,7713400,EXC,-2.7777777777777777
284,1998-07-06,15.0,4892600,EXC,5.4945054945054945
285,1998-07-13,14.6875,5113800,EXC,-2.083333333333333
286,1998-07-20,14.5625,4861600,EXC,-0.851063829787234
287,1998-07-27,14.75,3834400,EXC,1.2875536480686696
288,1998-08-03,14.875,6677200,EXC,0.847457627118644
289,1998-08-10,14.875,7184600,EXC,0.0
290,1998-08-17,15.59375,26374000,EXC,4.831932773109244
291,1998-08-24,16.0,8542400,EXC,2.6052104208416833
292,1998-08-31,17.0625,13748400,EXC,6.640625
293,1998-09-07,15.96875,7683600,EXC,-6.41025641025641
294,1998-09-14,16.53125,9308000,EXC,3.5225048923679068
295,1998-09-21,17.09375,11250800,EXC,3.402646502835538
296,1998-09-28,17.03125,13065800,EXC,-0.3656307129798903
297,1998-10-05,18.75,26694200,EXC,10.091743119266056
298,1998-10-12,20.0,16021200,EXC,6.666666666666668
299,1998-10-19,19.125,18786000,EXC,-4.375
300,1998-10-26,19.40625,13046800,EXC,1.4705882352941175
301,1998-11-02,19.28125,9152600,EXC,-0.6441223832528179
302,1998-11-09,19.9375,11325200,EXC,3.4035656401944885
303,1998-11-16,20.125,6485000,EXC,0.9404388714733545
304,1998-11-23,20.375,4310000,EXC,1.2422360248447204
305,1998-11-30,20.53125,6303200,EXC,0.7668711656441719
306,1998-12-07,20.6875,7961600,EXC,0.76103500761035
307,1998-12-14,19.4375,7686200,EXC,-6.042296072507552
308,1998-12-21,20.90625,3348200,EXC,7.556270096463022
309,1998-12-28,20.84375,2324800,EXC,-0.2989536621823617
310,1999-01-04,20.6875,9768800,EXC,-0.7496251874062968
311,1999-01-11,19.5,7875400,EXC,-5.740181268882175
312,1999-01-18,19.15625,4008000,EXC,-1.7628205128205128
313,1999-01-25,19.21875,7124800,EXC,0.3262642740619902
314,1999-02-01,19.0,6134200,EXC,-1.1382113821138211
315,1999-02-08,18.28125,8656000,EXC,-3.7828947368421053
316,1999-02-15,18.125,16231400,EXC,-0.8547008547008548
317,1999-02-22,18.53125,6399200,EXC,2.2413793103448283
318,1999-03-01,17.6875,8520000,EXC,-4.5531197301854975
319,1999-03-08,19.6875,7152200,EXC,11.307420494699645
320,1999-03-15,20.0,8945800,EXC,1.5873015873015872
321,1999-03-22,20.96875,13400000,EXC,4.84375
322,1999-03-29,22.78125,16420000,EXC,8.64381520119225
323,1999-04-05,23.46875,12750400,EXC,3.017832647462277
324,1999-04-12,23.71875,10120000,EXC,1.0652463382157122
325,1999-04-19,23.28125,7513200,EXC,-1.844532279314888
326,1999-04-26,23.0,7970600,EXC,-1.2080536912751678
327,1999-05-03,23.6875,8876200,EXC,2.989130434782609
328,1999-05-10,23.9375,8918400,EXC,1.055408970976253
329,1999-05-17,23.375,5984600,EXC,-2.349869451697128
330,1999-05-24,24.5,10935800,EXC,4.81283422459893
331,1999-05-31,24.375,4805000,EXC,-0.510204081632653
332,1999-06-07,23.25,8003800,EXC,-4.615384615384617
333,1999-06-14,23.6875,9026000,EXC,1.881720430107527
334,1999-06-21,23.46875,12781800,EXC,-0.9234828496042217
335,1999-06-28,21.5,9532400,EXC,-8.388814913448735
336,1999-07-05,20.90625,5955000,EXC,-2.761627906976744
337,1999-07-12,21.28125,7179400,EXC,1.7937219730941705
338,1999-07-19,21.78125,6622600,EXC,2.3494860499265786
339,1999-07-26,21.5,5169400,EXC,-1.2912482065997128
340,1999-08-02,21.21875,3170600,EXC,-1.308139534883721
341,1999-08-09,21.34375,2530400,EXC,0.5891016200294551
342,1999-08-16,21.28125,3215600,EXC,-0.2928257686676428
343,1999-08-23,21.3125,9392200,EXC,0.14684287812041116
344,1999-08-30,20.875,4484600,EXC,-2.0527859237536656
345,1999-09-06,20.84375,3969200,EXC,-0.14970059880239525
346,1999-09-13,20.84375,5200600,EXC,0.0
347,1999-09-20,20.53125,9721000,EXC,-1.4992503748125936
348,1999-09-27,18.875,8276800,EXC,-8.06697108066971
349,1999-10-04,19.0625,3653400,EXC,0.9933774834437088
350,1999-10-11,18.875,4656200,EXC,-0.9836065573770493
351,1999-10-18,18.6875,3481600,EXC,-0.9933774834437088
352,1999-10-25,18.625,9196200,EXC,-0.33444816053511706
353,1999-11-01,19.0,7340600,EXC,2.013422818791946
354,1999-11-08,18.84375,10174600,EXC,-0.8223684210526315
355,1999-11-15,17.96875,5790000,EXC,-4.643449419568822
356,1999-11-22,17.25,4208000,EXC,-4.0
357,1999-11-29,16.125,11843200,EXC,-6.521739130434782
358,1999-12-06,16.84375,7332800,EXC,4.457364341085271
359,1999-12-13,16.875,7019800,EXC,0.1855287569573284
360,1999-12-20,16.84375,4459000,EXC,-0.1851851851851852
361,1999-12-27,17.25,4303200,EXC,2.411873840445269
362,2000-01-03,17.25,6404000,EXC,0.0
363,2000-01-10,18.40625,5517600,EXC,6.702898550724637
364,2000-01-17,19.125,6507200,EXC,3.904923599320883
365,2000-01-24,19.4375,19331800,EXC,1.6339869281045754
366,2000-01-31,20.625,14402600,EXC,6.109324758842444
367,2000-02-07,21.3125,10799400,EXC,3.3333333333333335
368,2000-02-14,20.625,9506600,EXC,-3.225806451612903
369,2000-02-21,19.8125,7488600,EXC,-3.939393939393939
370,2000-02-28,19.28125,7188000,EXC,-2.6813880126182963
371,2000-03-06,19.75,8146600,EXC,2.4311183144246353
372,2000-03-13,19.03125,6515000,EXC,-3.6392405063291138
373,2000-03-20,19.125,5979200,EXC,0.49261083743842365
374,2000-03-27,18.8125,7320200,EXC,-1.6339869281045754
375,2000-04-03,18.625,8258000,EXC,-0.9966777408637871
376,2000-04-10,19.875,8514200,EXC,6.7114093959731544
377,2000-04-17,20.90625,4003800,EXC,5.188679245283018
378,2000-04-24,20.9375,4570200,EXC,0.14947683109118087
379,2000-05-01,20.65625,5463600,EXC,-1.3432835820895521
380,2000-05-08,21.5,6452400,EXC,4.084720121028744
381,2000-05-15,22.21875,4726600,EXC,3.343023255813953
382,2000-05-22,22.0625,7599800,EXC,-0.7032348804500703
383,2000-05-29,22.625,6720200,EXC,2.5495750708215295
384,2000-06-05,21.5625,5797400,EXC,-4.696132596685083
385,2000-06-12,22.03125,9421400,EXC,2.1739130434782608
386,2000-06-19,21.71875,6665000,EXC,-1.4184397163120568
387,2000-06-26,21.1875,6728000,EXC,-2.446043165467626
388,2000-07-03,20.28125,2991800,EXC,-4.277286135693215
389,2000-07-10,20.625,4419800,EXC,1.694915254237288
390,2000-07-17,21.28125,5524000,EXC,3.1818181818181817
391,2000-07-24,22.03125,5317600,EXC,3.524229074889868
392,2000-07-31,21.5,7085000,EXC,-2.411347517730496
393,2000-08-07,22.84375,4990800,EXC,6.25
394,2000-08-14,23.625,5966000,EXC,3.4199726402188784
395,2000-08-21,24.25,4179800,EXC,2.6455026455026456
396,2000-08-28,23.65625,11615200,EXC,-2.448453608247423
397,2000-09-04,24.375,11659200,EXC,3.038309114927345
398,2000-09-11,26.9375,18613800,EXC,10.512820512820513
399,2000-09-18,29.25,9243000,EXC,8.584686774941995
400,2000-09-25,28.0,10438800,EXC,-4.273504273504273
401,2000-10-02,30.40625,11155000,EXC,8.59375
402,2000-10-09,28.25,12096400,EXC,-7.091469681397737
403,2000-10-16,29.25,11332400,EXC,3.5398230088495577
404,2000-10-23,29.75,17061200,EXC,1.7094017094017095
405,2000-10-30,29.125,11717400,EXC,-2.100840336134454
406,2000-11-06,28.4375,11912600,EXC,-2.360515021459228
407,2000-11-13,30.0625,13375600,EXC,5.7142857142857135
408,2000-11-20,30.46875,7075400,EXC,1.3513513513513513
409,2000-11-27,31.1875,14843000,EXC,2.358974358974359
410,2000-12-04,32.325000762939446,10921000,EXC,3.6472970354771816
411,2000-12-11,33.0,13086000,EXC,2.08816464386426
412,2000-12-18,32.700000762939446,12309000,EXC,-0.9090885971531938
413,2000-12-25,34.25,10339800,EXC,4.740058718338766
414,2001-01-01,34.875,20636800,EXC,1.824817518248175
415,2001-01-08,30.45000076293945,19746800,EXC,-12.688169855370754
416,2001-01-15,28.60000038146973,14307000,EXC,-6.075534762289222
417,2001-01-22,29.774999618530273,10916200,EXC,4.108388885973019
418,2001-01-29,30.97500038146973,10500000,EXC,4.030229314235303
419,2001-02-05,30.5,10535000,EXC,-1.5334959664888044
420,2001-02-12,32.740001678466804,11662400,EXC,7.344267798251816
421,2001-02-19,32.674999237060554,10208800,EXC,-0.19854135025595396
422,2001-02-26,32.35499954223633,8666400,EXC,-0.9793410934843316
423,2001-03-05,33.5,8686600,EXC,3.5388671734301353
424,2001-03-12,32.35499954223633,11832800,EXC,-3.4179118142199165
425,2001-03-19,31.92499923706055,12550000,EXC,-1.329007297974008
426,2001-03-26,29.88999938964844,11684800,EXC,-6.3743144746883935
427,2001-04-02,32.799999237060554,19218800,EXC,9.7356972460157
428,2001-04-09,31.95000076293945,11890400,EXC,-2.5914588228425792
429,2001-04-16,33.450000762939446,12726800,EXC,4.694835568642391
430,2001-04-23,33.615001678466804,13408800,EXC,0.49327626835264204
431,2001-04-30,34.509998321533196,11645800,EXC,2.662491739929651
432,2001-05-07,34.125,9573800,EXC,-1.1156138518064451
433,2001-05-14,34.650001525878906,10993200,EXC,1.5384660099015568
434,2001-05-21,34.165000915527344,13059600,EXC,-1.399713099548732
435,2001-05-28,33.900001525878906,7019800,EXC,-0.7756457852983705
436,2001-06-04,33.64500045776367,12232200,EXC,-0.7522155063048278
437,2001-06-11,32.75,12610200,EXC,-2.660129129399813
438,2001-06-18,33.0,14581400,EXC,0.7633587786259542
439,2001-06-25,32.150001525878906,10930200,EXC,-2.5757529518821025
440,2001-07-02,31.75,6157400,EXC,-1.244172649749108
441,2001-07-09,32.97499847412109,9073800,EXC,3.8582629106175963
442,2001-07-16,32.44499969482422,10254400,EXC,-1.607274613561584
443,2001-07-23,30.29999923706055,32920200,EXC,-6.611189637661945
444,2001-07-30,29.024999618530273,17937400,EXC,-4.2079196390566205
445,2001-08-06,28.79999923706055,14194200,EXC,-0.7751951229176837
446,2001-08-13,27.54999923706055,9550600,EXC,-4.340277892755876
447,2001-08-20,26.979999542236328,8417600,EXC,-2.068964466820938
448,2001-08-27,27.95000076293945,11099800,EXC,3.5952603304704116
449,2001-09-03,27.375,10683800,EXC,-2.0572477540032015
450,2001-09-10,27.645000457763672,3223400,EXC,0.9863030420590752
451,2001-09-17,27.399999618530273,13712600,EXC,-0.8862392301556057
452,2001-09-24,26.20000076293945,34973600,EXC,-4.379557928093107
453,2001-10-01,22.450000762939453,19186600,EXC,-14.312976682445234
454,2001-10-08,22.54999923706055,12113800,EXC,0.4454274865156137
455,2001-10-15,22.54999923706055,14579600,EXC,0.0
456,2001-10-22,22.0,36072400,EXC,-2.439021089440375
457,2001-10-29,20.575000762939453,21522200,EXC,-6.477269259366122
458,2001-11-05,20.93000030517578,13754000,EXC,1.725392607886402
459,2001-11-12,21.875,18175800,EXC,4.515048643312871
460,2001-11-19,21.424999237060547,6546600,EXC,-2.0571463448660716
461,2001-11-26,21.6299991607666,15918600,EXC,0.9568258156642069
462,2001-12-03,22.30500030517578,13473800,EXC,3.120671153947731
463,2001-12-10,22.70000076293945,15465400,EXC,1.7709054129535704
464,2001-12-17,23.01499938964844,18068600,EXC,1.3876591018589992
465,2001-12-24,23.20000076293945,7439600,EXC,0.803829581565044
466,2001-12-31,23.75,9052400,EXC,2.370686288679524
467,2002-01-07,24.125,11791000,EXC,1.5789473684210527
468,2002-01-14,23.63500022888184,11371600,EXC,-2.031087134168541
469,2002-01-21,23.40500068664551,6363000,EXC,-0.9731311191411369
470,2002-01-28,23.31999969482422,15288800,EXC,-0.36317448975676686
471,2002-02-04,24.95000076293945,9410400,EXC,6.989713076527197
472,2002-02-11,25.30500030517578,10689800,EXC,1.4228438131498793
473,2002-02-18,24.82500076293945,5946000,EXC,-1.896856496532642
474,2002-02-25,24.45000076293945,8452200,EXC,-1.510573971702861
475,2002-03-04,25.309999465942386,9326800,EXC,3.5173769986400005
476,2002-03-11,25.75,8985800,EXC,1.7384454497902564
477,2002-03-18,26.0,9704000,EXC,0.9708737864077669
478,2002-03-25,26.67499923706055,6530600,EXC,2.5961509117713484
479,2002-04-01,26.125,6541400,EXC,-2.0618528689456017
480,2002-04-08,25.8700008392334,6045400,EXC,-0.9760733426472789
481,2002-04-15,26.0,6994000,EXC,0.5025093024714946
482,2002-04-22,26.649999618530273,9062400,EXC,2.499998532808744
483,2002-04-29,27.17499923706055,6758400,EXC,1.9699798350662427
484,2002-05-06,27.4950008392334,10172600,EXC,1.1775588267043564
485,2002-05-13,27.73500061035156,11614200,EXC,0.8728851201768214
486,2002-05-20,25.96999931335449,10716600,EXC,-6.36380478873441
487,2002-05-27,27.29999923706055,6394000,EXC,5.121293642168636
488,2002-06-03,26.85000038146973,7826600,EXC,-1.6483475024421748
489,2002-06-10,25.92499923706055,8603800,EXC,-3.4450693901947216
490,2002-06-17,26.54999923706055,11022800,EXC,2.4108004566748225
491,2002-06-24,26.649999618530273,9244600,EXC,0.37664928189577773
492,2002-07-01,26.149999618530273,7089800,EXC,-1.8761726347355745
493,2002-07-08,25.149999618530273,12238400,EXC,-3.8240918339875822
494,2002-07-15,22.125,19710000,EXC,-12.027831667645367
495,2002-07-22,21.30500030517578,18241800,EXC,-3.7062133099399723
496,2002-07-29,22.25,15884600,EXC,4.435577006749177
497,2002-08-05,23.584999084472656,12454600,EXC,5.999995885270365
498,2002-08-12,24.5049991607666,12912000,EXC,3.90078487176891
499,2002-08-19,24.19499969482422,12278200,EXC,-1.2650458133404194
500,2002-08-26,25.68000030517578,11360400,EXC,6.137634342145634
501,2002-09-02,22.92499923706055,10924200,EXC,-10.728197178253003
502,2002-09-09,22.200000762939453,11185600,EXC,-3.1624798178796216
503,2002-09-16,21.5,15021200,EXC,-3.1531564814539568
504,2002-09-23,22.125,14326000,EXC,2.9069767441860463
505,2002-09-30,23.584999084472656,14196000,EXC,6.59886591852048
506,2002-10-07,23.71500015258789,22645200,EXC,0.5512023453959829
507,2002-10-14,22.864999771118164,10919400,EXC,-3.584230976178048
508,2002-10-21,23.125,14519600,EXC,1.1371101311369975
509,2002-10-28,24.459999084472656,11606400,EXC,5.772969013935811
510,2002-11-04,25.09000015258789,13301800,EXC,2.5756381508418063
511,2002-11-11,25.15500068664551,10716400,EXC,0.2590694845050302
512,2002-11-18,25.38500022888184,11172200,EXC,0.9143293021591216
513,2002-11-25,25.07999992370605,6487600,EXC,-1.2014981383721777
514,2002-12-02,25.60000038146973,12987600,EXC,2.0733670627812306
515,2002-12-09,25.32500076293945,12682400,EXC,-1.074217243876824
516,2002-12-16,26.229999542236328,14967200,EXC,3.5735390011172354
517,2002-12-23,26.25,7940800,EXC,0.0762503168612967
518,2002-12-30,26.20000076293945,9317800,EXC,-0.19047328404019206
519,2003-01-06,27.0,21160400,EXC,3.053432113605772
520,2003-01-13,26.684999465942386,18960000,EXC,-1.1666686446578283
521,2003-01-20,26.78499984741211,9762400,EXC,0.37474380165287924
522,2003-01-27,25.17499923706055,17168800,EXC,-6.010829268334353
523,2003-02-03,25.5,9960200,EXC,1.2909663268668956
524,2003-02-10,24.71500015258789,12498200,EXC,-3.0784307741651347
525,2003-02-17,24.04999923706055,9019000,EXC,-2.690677367678302
526,2003-02-24,25.0,12158200,EXC,3.9501072477188197
527,2003-03-03,24.75,10600600,EXC,-1.0
528,2003-03-10,24.63999938964844,15289200,EXC,-0.44444691051134927
529,2003-03-17,24.149999618530273,11116400,EXC,-1.9886354839928382
530,2003-03-24,25.440000534057607,10184000,EXC,5.341618782211175
531,2003-03-31,25.29999923706055,17327600,EXC,-0.550319552114936
532,2003-04-07,25.54999923706055,11687600,EXC,0.9881423222882513
533,2003-04-14,25.09000015258789,7520200,EXC,-1.800387859915965
534,2003-04-21,25.690000534057607,14933000,EXC,2.3913924982891497
535,2003-04-28,25.774999618530273,20249600,EXC,0.3308644714116501
536,2003-05-05,26.9950008392334,13550200,EXC,4.733273477242019
537,2003-05-12,26.84000015258789,13875600,EXC,-0.5741829295305535
538,2003-05-19,27.98500061035156,14762400,EXC,4.266022545656611
539,2003-05-26,29.334999084472656,17624200,EXC,4.824007306334442
540,2003-06-02,28.739999771118164,14607400,EXC,-2.0282915695382857
541,2003-06-09,28.98500061035156,11403800,EXC,0.8524733513728308
542,2003-06-16,29.920000076293945,11596000,EXC,3.2258045411545213
543,2003-06-23,29.959999084472656,10055800,EXC,0.13368652432057562
544,2003-06-30,29.82999992370605,9047000,EXC,-0.4339090945899918
545,2003-07-07,29.92499923706055,11891800,EXC,0.3184690365319205
546,2003-07-14,28.70000076293945,16701800,EXC,-4.09356225681705
547,2003-07-21,28.190000534057607,10157000,EXC,-1.7770042345796848
548,2003-07-28,28.145000457763672,14353000,EXC,-0.15963134246689756
549,2003-08-04,28.709999084472656,13148400,EXC,2.007456448817119
550,2003-08-11,29.625,8283400,EXC,3.1870461327259583
551,2003-08-18,29.57500076293945,11584000,EXC,-0.16877379598498035
552,2003-08-25,28.854999542236328,8472200,EXC,-2.4344926530157793
553,2003-09-01,29.45000076293945,8775800,EXC,2.06203857266465
554,2003-09-08,29.875,11577400,EXC,1.443121310867262
555,2003-09-15,30.42499923706055,13256600,EXC,1.8410016303282026
556,2003-09-22,31.54999923706055,11727800,EXC,3.6976171839295984
557,2003-09-29,31.32500076293945,15028400,EXC,-0.7131489051093349
558,2003-10-06,32.125,12794200,EXC,2.553868212533384
559,2003-10-13,32.325000762939446,11457200,EXC,0.6225704682939954
560,2003-10-20,32.060001373291016,8559800,EXC,-0.8197970097258334
561,2003-10-27,31.899999618530273,9452400,EXC,-0.4990697065098651
562,2003-11-03,31.72500038146973,15513400,EXC,-0.5485869565932178
563,2003-11-10,31.565000534057607,14424800,EXC,-0.5043336343206819
564,2003-11-17,31.17499923706055,12358400,EXC,-1.2355497874180754
565,2003-11-24,31.024999618530273,7070400,EXC,-0.48115355958680783
566,2003-12-01,30.95000076293945,13067000,EXC,-0.2417368461336881
567,2003-12-08,31.65999984741211,13676000,EXC,2.2940196024900787
568,2003-12-15,31.899999618530273,14210400,EXC,0.7580536079433421
569,2003-12-22,32.09999847412109,5668000,EXC,0.6269556676566121
570,2003-12-29,32.560001373291016,7743200,EXC,1.43303090665497
571,2004-01-05,33.0,9200800,EXC,1.3513470766310087
572,2004-01-12,32.810001373291016,8598600,EXC,-0.5757534142696497
573,2004-01-19,32.875,8480600,EXC,0.1981061383371246
574,2004-01-26,32.700000762939446,14603800,EXC,-0.532317070906628
575,2004-02-02,33.5,11407000,EXC,2.4464807901999603
576,2004-02-09,33.03499984741211,10607200,EXC,-1.388060156978778
577,2004-02-16,33.049999237060554,9484600,EXC,0.04540453978424833
578,2004-02-23,32.889999389648445,10926000,EXC,-0.4841145267945842
579,2004-03-01,33.59999847412109,9937000,EXC,2.158708110818944
580,2004-03-08,33.75,11387600,EXC,0.44643313300875714
581,2004-03-15,33.450000762939446,9853000,EXC,-0.8888866283275674
582,2004-03-22,33.450000762939446,14261600,EXC,0.0
583,2004-03-29,34.125,11904400,EXC,2.017934892869754
584,2004-04-05,34.400001525878906,11460000,EXC,0.8058652773008242
585,2004-04-12,34.5,17075600,EXC,0.2906932258298464
586,2004-04-19,32.950000762939446,10272400,EXC,-4.4927514117697225
587,2004-04-26,33.0,14774200,EXC,0.15174274932579268
588,2004-05-03,33.290000915527344,10268300,EXC,0.8787906531131628
589,2004-05-10,32.34999847412109,12946100,EXC,-2.8236780281006686
590,2004-05-17,31.20000076293945,10112300,EXC,-3.5548617169227885
591,2004-05-24,32.06999969482422,9874800,EXC,2.7884580468285987
592,2004-05-31,33.310001373291016,6595500,EXC,3.8665472100609986
593,2004-06-07,33.220001220703125,5444900,EXC,-0.2701895793377406
594,2004-06-14,32.450000762939446,7988400,EXC,-2.3178820875051773
595,2004-06-21,32.860000610351555,8199700,EXC,1.2634817805007965
596,2004-06-28,33.549999237060554,7021900,EXC,2.0998131889615217
597,2004-07-05,33.06999969482422,6739900,EXC,-1.4306991152062687
598,2004-07-12,33.029998779296875,9215200,EXC,-0.12095831840483597
599,2004-07-19,34.400001525878906,9955600,EXC,4.147752943426525
600,2004-07-26,33.220001220703125,12079300,EXC,-3.4302332931237647
601,2004-08-02,34.650001525878906,12095200,EXC,4.304636522061856
602,2004-08-09,36.25,11926000,EXC,4.617600010568858
603,2004-08-16,36.13000106811523,10934400,EXC,-0.3310315362338558
604,2004-08-23,36.20000076293945,6267600,EXC,0.1937439600188683
605,2004-08-30,35.95000076293945,7400500,EXC,-0.6906077202516057
606,2004-09-06,37.54999923706055,9113100,EXC,4.450621530363132
607,2004-09-13,37.900001525878906,9383000,EXC,0.9320966602654928
608,2004-09-20,37.040000915527344,7175400,EXC,-2.269130806668533
609,2004-09-27,36.47000122070313,9013900,EXC,-1.538876027903296
610,2004-10-04,37.33000183105469,7861400,EXC,2.358104144683587
611,2004-10-11,37.79999923706055,8920300,EXC,1.2590339752270525
612,2004-10-18,37.81999969482422,10868200,EXC,0.0529112649929968
613,2004-10-25,39.0,14239200,EXC,3.120043137750918
614,2004-11-01,40.0,14795300,EXC,2.564102564102564
615,2004-11-08,40.7400016784668,10167000,EXC,1.8500041961669926
616,2004-11-15,42.47999954223633,8706100,EXC,4.270981325681217
617,2004-11-22,41.5,7309800,EXC,-2.306966932195821
618,2004-11-29,42.43000030517578,10951500,EXC,2.240964590785015
619,2004-12-06,42.04999923706055,9107000,EXC,-0.895595251902179
620,2004-12-13,42.29999923706055,15320700,EXC,0.5945303318333091
621,2004-12-20,43.0099983215332,24374900,EXC,1.6784848635425047
622,2004-12-27,44.66999816894531,10724900,EXC,3.8595673382786924
623,2005-01-03,44.29999923706055,14490100,EXC,-0.828294038619392
624,2005-01-10,42.04999923706055,10377100,EXC,-5.079006859480241
625,2005-01-17,42.95000076293945,7842400,EXC,2.1403128233250825
626,2005-01-24,42.34000015258789,11445700,EXC,-1.4202575076038595
627,2005-01-31,44.099998474121094,13533300,EXC,4.156821717502117
628,2005-02-07,45.75,14862600,EXC,3.741500188139837
629,2005-02-14,45.349998474121094,11246700,EXC,-0.8743202751451502
630,2005-02-21,44.0,9982200,EXC,-2.976843483007984
631,2005-02-28,45.5,14671900,EXC,3.4090909090909087
632,2005-03-07,46.72999954223633,13621600,EXC,2.703295697222699
633,2005-03-14,46.11000061035156,15561700,EXC,-1.326768538322769
634,2005-03-21,45.7400016784668,9481600,EXC,-0.8024266471202388
635,2005-03-28,44.77000045776367,12665700,EXC,-2.1206847072762054
636,2005-04-04,45.959999084472656,9567500,EXC,2.65802683614363
637,2005-04-11,45.40999984741211,11938400,EXC,-1.1966911401579232
638,2005-04-18,45.77000045776367,11267200,EXC,0.7927782681375163
639,2005-04-25,47.20000076293945,16359800,EXC,3.124317873877625
640,2005-05-02,49.5,14779300,EXC,4.87287966076997
641,2005-05-09,48.6500015258789,17576400,EXC,-1.7171686345880826
642,2005-05-16,45.4000015258789,16379000,EXC,-6.680369780196603
643,2005-05-23,47.099998474121094,8883900,EXC,3.744486544286045
644,2005-05-30,46.70000076293945,9354800,EXC,-0.8492520682382141
645,2005-06-06,48.4000015258789,9835500,EXC,3.640258533547061
646,2005-06-13,49.0,13615700,EXC,1.2396662297630072
647,2005-06-20,48.45000076293945,13928900,EXC,-1.122447422572545
648,2005-06-27,50.77999877929688,11976900,EXC,4.809077357413995
649,2005-07-04,51.52000045776367,10412800,EXC,1.4572699808108114
650,2005-07-11,52.040000915527344,12020500,EXC,1.009317649734826
651,2005-07-18,52.31999969482422,12351000,EXC,0.5380453004821736
652,2005-07-25,52.11999893188477,9465700,EXC,-0.3822644573891906
653,2005-08-01,53.5099983215332,11054300,EXC,2.666921370173108
654,2005-08-08,52.54999923706055,14063300,EXC,-1.7940555309012944
655,2005-08-15,51.36000061035156,8687100,EXC,-2.26450741005862
656,2005-08-22,51.88000106811523,10619500,EXC,1.012461938442538
657,2005-08-29,52.0,13311000,EXC,0.2313009433581576
658,2005-09-05,54.099998474121094,9445900,EXC,4.038458604079027
659,2005-09-12,55.65999984741211,12274300,EXC,2.883551603124808
660,2005-09-19,57.4000015258789,22377400,EXC,3.1261259131097368
661,2005-09-26,53.5,20507500,EXC,-6.794427564815614
662,2005-10-03,53.9000015258789,17357400,EXC,0.7476664035119609
663,2005-10-10,51.88000106811523,26240500,EXC,-3.7476816337265086
664,2005-10-17,49.5,20722100,EXC,-4.587511601995599
665,2005-10-24,50.93999862670898,16652300,EXC,2.909088134765611
666,2005-10-31,52.43000030517578,18882100,EXC,2.925013189312422
667,2005-11-07,52.27999877929688,15446200,EXC,-0.28609865536104395
668,2005-11-14,50.04999923706055,11465800,EXC,-4.265492720553439
669,2005-11-21,51.58000183105469,7639500,EXC,3.056948286347263
670,2005-11-28,52.22000122070313,13440500,EXC,1.2407897769075324
671,2005-12-05,52.4000015258789,14932100,EXC,0.3446960953045787
672,2005-12-12,54.58000183105469,15636300,EXC,4.16030580476061
673,2005-12-19,54.45000076293945,12816300,EXC,-0.2381844334077449
674,2005-12-26,54.63999938964844,8070000,EXC,0.34894145830444867
675,2006-01-02,53.63000106811523,9132700,EXC,-1.8484596134980096
676,2006-01-09,55.31999969482422,15430400,EXC,3.1512187079066654
677,2006-01-16,55.45000076293945,13015100,EXC,0.2349983167613744
678,2006-01-23,58.20000076293945,18777100,EXC,4.959422835279724
679,2006-01-30,57.25,15491700,EXC,-1.632303694993066
680,2006-02-06,55.599998474121094,14616700,EXC,-2.882098735159662
681,2006-02-13,56.099998474121094,15028100,EXC,0.899280600219304
682,2006-02-20,55.97000122070313,9502600,EXC,-0.23172416569303356
683,2006-02-27,57.33000183105469,14752400,EXC,2.429874183830633
684,2006-03-06,56.77000045776367,13581600,EXC,-0.9768033410172898
685,2006-03-13,55.4900016784668,9418700,EXC,-2.25470982733069
686,2006-03-20,56.04999923706055,9787700,EXC,1.0091864149484429
687,2006-03-27,54.81999969482422,13610600,EXC,-2.1944684370718894
688,2006-04-03,52.9000015258789,14540000,EXC,-3.5023680766758463
689,2006-04-10,51.86999893188477,9832500,EXC,-1.9470747907072268
690,2006-04-17,51.45000076293945,13193100,EXC,-0.8097130857798118
691,2006-04-24,53.16999816894531,22703400,EXC,3.34304641496684
692,2006-05-01,53.849998474121094,20952400,EXC,1.2789173003450376
693,2006-05-08,56.20000076293945,21828600,EXC,4.363978375872581
694,2006-05-15,54.97000122070313,21554800,EXC,-2.188611255406659
695,2006-05-22,55.25,16507900,EXC,0.509366514606176
696,2006-05-29,55.849998474121094,17301700,EXC,1.085970088906957
697,2006-06-05,58.25,18527100,EXC,4.297227558548604
698,2006-06-12,58.349998474121094,21876300,EXC,0.17167120020788626
699,2006-06-19,57.9000015258789,17781000,EXC,-0.7712030162978899
700,2006-06-26,57.0099983215332,17051100,EXC,-1.537138481676726
701,2006-07-03,57.0,8767600,EXC,-0.017537838673162467
702,2006-07-10,57.349998474121094,17154600,EXC,0.614032410738761
703,2006-07-17,57.77000045776367,19272000,EXC,0.7323487267956982
704,2006-07-24,59.0,22042500,EXC,2.1291319586116244
705,2006-07-31,58.47999954223633,40274400,EXC,-0.8813567080740201
706,2006-08-07,58.54999923706055,19119100,EXC,0.11969852149821324
707,2006-08-14,58.27000045776367,27487500,EXC,-0.4782216617342728
708,2006-08-21,59.54999923706055,18649300,EXC,2.196668558849021
709,2006-08-28,60.0,26118600,EXC,0.7556687971532302
710,2006-09-04,60.31000137329102,10266600,EXC,0.5166689554850379
711,2006-09-11,60.0,24461500,EXC,-0.5140132088080342
712,2006-09-18,59.209999084472656,23008100,EXC,-1.316668192545573
713,2006-09-25,59.95000076293945,20646800,EXC,1.2497917411062014
714,2006-10-02,60.599998474121094,18912800,EXC,1.0842330323763119
715,2006-10-09,60.31999969482422,15256900,EXC,-0.4620442018929208
716,2006-10-16,60.54999923706055,12545300,EXC,0.38129897778508
717,2006-10-23,61.9000015258789,15866200,EXC,2.2295661533089883
718,2006-10-30,62.40999984741211,19616400,EXC,0.8239067996145236
719,2006-11-06,61.0,29620300,EXC,-2.2592530858187088
720,2006-11-13,59.790000915527344,33633700,EXC,-1.9836050565125516
721,2006-11-20,58.25,13428000,EXC,-2.575683043897409
722,2006-11-27,59.6500015258789,17378200,EXC,2.40343609592944
723,2006-12-04,61.70000076293945,15917200,EXC,3.436712799028464
724,2006-12-11,61.349998474121094,14101800,EXC,-0.567264642610168
725,2006-12-18,62.5,9265600,EXC,1.8744931613388787
726,2006-12-25,61.40999984741211,4489200,EXC,-1.744000244140625
727,2007-01-01,61.88999938964844,7837200,EXC,0.7816309126021856
728,2007-01-08,60.290000915527344,12710900,EXC,-2.5852294230086956
729,2007-01-15,59.95000076293945,9203900,EXC,-0.5639411965912337
730,2007-01-22,60.099998474121094,13421400,EXC,0.25020468602623913
731,2007-01-29,59.02999877929688,13491000,EXC,-1.7803655939940675
732,2007-02-05,60.86999893188477,14580200,EXC,3.1170594454310225
733,2007-02-12,64.05999755859375,11024900,EXC,5.240674688163992
734,2007-02-19,63.43000030517578,11540000,EXC,-0.983448762766076
735,2007-02-26,67.59999847412111,28304800,EXC,6.574173338928806
736,2007-03-05,63.9900016784668,15561400,EXC,-5.3402320667748295
737,2007-03-12,64.5,15651900,EXC,0.7969968872571884
738,2007-03-19,66.19000244140625,18154800,EXC,2.6201588238856592
739,2007-03-26,67.37000274658203,17082000,EXC,1.7827470337689741
740,2007-04-02,68.86000061035156,11794300,EXC,2.21166365299744
741,2007-04-09,71.55000305175781,11865300,EXC,3.9064804205097086
742,2007-04-16,71.91000366210938,17579600,EXC,0.5031454856698544
743,2007-04-23,73.5,18946800,EXC,2.211091999607868
744,2007-04-30,76.72000122070312,15751000,EXC,4.38095404177296
745,2007-05-07,76.02999877929688,20085300,EXC,-0.8993775161985409
746,2007-05-14,76.73999786376953,12107200,EXC,0.933840715338786
747,2007-05-21,79.0199966430664,17301400,EXC,2.971069641341895
748,2007-05-28,74.12000274658203,22366900,EXC,-6.200954321243095
749,2007-06-04,75.88999938964844,24398600,EXC,2.388014810412332
750,2007-06-11,71.01000213623047,24351100,EXC,-6.430356163744562
751,2007-06-18,74.4800033569336,15793800,EXC,4.8866372571655985
752,2007-06-25,70.29000091552734,17649300,EXC,-5.625674345537189
753,2007-07-02,74.0,13222500,EXC,5.278132075899721
754,2007-07-09,76.5199966430664,13374800,EXC,3.405400869008657
755,2007-07-16,77.80999755859375,22085800,EXC,1.6858350393618746
756,2007-07-23,78.5,42965100,EXC,0.8867786442052683
757,2007-07-30,69.90000152587889,33071800,EXC,-10.955412068944087
758,2007-08-06,71.63999938964844,31325400,EXC,2.489267275803064
759,2007-08-13,73.06999969482422,27837400,EXC,1.9960920119471803
760,2007-08-20,71.70999908447266,14069900,EXC,-1.8612298016033737
761,2007-08-27,73.01000213623047,19235200,EXC,1.812861620910691
762,2007-09-03,72.5999984741211,16710200,EXC,-0.5615719081124568
763,2007-09-10,73.88999938964844,20348300,EXC,1.7768608025345565
764,2007-09-17,76.38999938964844,19221400,EXC,3.3834077962521074
765,2007-09-24,77.75,14972100,EXC,1.780338553760815
766,2007-10-01,75.86000061035156,15280100,EXC,-2.430867382184485
767,2007-10-08,76.33000183105469,15460900,EXC,0.6195639558681871
768,2007-10-15,79.2300033569336,14816200,EXC,3.7992944534413033
769,2007-10-22,74.48999786376953,17016800,EXC,-5.982589034876336
770,2007-10-29,80.5999984741211,15705800,EXC,8.202444335581523
771,2007-11-05,79.87999725341797,20186800,EXC,-0.8933017795705069
772,2007-11-12,82.05000305175781,21140500,EXC,2.716582214513023
773,2007-11-19,79.45999908447266,13833800,EXC,-3.156616539857239
774,2007-11-26,80.4800033569336,17490700,EXC,1.2836701286348964
775,2007-12-03,80.54000091552734,15666200,EXC,0.07454964723057635
776,2007-12-10,85.66999816894531,21331700,EXC,6.369502352996564
777,2007-12-17,83.4000015258789,25024200,EXC,-2.6496984843980798
778,2007-12-24,82.08000183105469,7722100,EXC,-1.582733418073889
779,2007-12-31,82.33000183105469,13000700,EXC,0.30458088989151727
780,2008-01-07,82.69999694824219,22874900,EXC,0.44940496654761236
781,2008-01-14,84.62000274658203,31340400,EXC,2.3216515951523915
782,2008-01-21,72.13999938964844,30396000,EXC,-14.748289945473545
783,2008-01-28,73.0999984741211,28609700,EXC,1.3307445142706906
784,2008-02-04,77.38999938964844,18874500,EXC,5.868674425548849
785,2008-02-11,76.0,16940800,EXC,-1.7960969125351376
786,2008-02-18,79.4000015258789,9313300,EXC,4.473686218261719
787,2008-02-25,78.56999969482422,15901100,EXC,-1.0453423364030596
788,2008-03-03,75.81999969482422,20268200,EXC,-3.5000636511153704
789,2008-03-10,78.22000122070312,21123400,EXC,3.165393742467583
790,2008-03-17,78.01000213623047,19161000,EXC,-0.26847236153848847
791,2008-03-24,80.56999969482422,16425500,EXC,3.2816273407135323
792,2008-03-31,79.58000183105469,16442100,EXC,-1.2287425437747994
793,2008-04-07,83.61000061035156,15142400,EXC,5.064084803431406
794,2008-04-14,82.45999908447266,16857000,EXC,-1.3754353755339253
795,2008-04-21,86.45999908447266,16864600,EXC,4.85083682320002
796,2008-04-28,86.5,13797000,EXC,0.046265227794256965
797,2008-05-05,86.0999984741211,16686900,EXC,-0.4624295096865968
798,2008-05-12,82.98999786376953,14077600,EXC,-3.6120797508333626
799,2008-05-19,85.0,18157100,EXC,2.4219811880582824
800,2008-05-26,89.80000305175781,15328200,EXC,5.647062413832722
801,2008-06-02,87.5199966430664,14768700,EXC,-2.5389825514563564
802,2008-06-09,87.52999877929688,13312500,EXC,0.011428401067313281
803,2008-06-16,89.33000183105469,15713300,EXC,2.0564413079639614
804,2008-06-23,89.91999816894531,17466700,EXC,0.6604682926196007
805,2008-06-30,87.30000305175781,14373500,EXC,-2.9136956967736447
806,2008-07-07,91.0199966430664,19794500,EXC,4.261160894923577
807,2008-07-14,91.44000244140624,26804400,EXC,0.4614434342234445
808,2008-07-21,83.87000274658203,24434400,EXC,-8.278652113635909
809,2008-07-28,80.37999725341797,21367000,EXC,-4.161208273367191
810,2008-08-04,75.52999877929688,25500100,EXC,-6.033837571342861
811,2008-08-11,74.72000122070312,18398000,EXC,-1.0724183393152313
812,2008-08-18,73.41999816894531,13800200,EXC,-1.7398327496247585
813,2008-08-25,76.11000061035156,10618800,EXC,3.6638552281305414
814,2008-09-01,76.62000274658203,23741900,EXC,0.6700855763245185
815,2008-09-08,65.83000183105469,34628800,EXC,-14.082485680945345
816,2008-09-15,66.94000244140625,34869600,EXC,1.6861622048868454
817,2008-09-22,68.65000152587889,21811900,EXC,2.554524980738437
818,2008-09-29,66.31999969482422,25899600,EXC,-3.3940302684135206
819,2008-10-06,59.06999969482422,40550900,EXC,-10.931845647408542
820,2008-10-13,48.09000015258789,40675200,EXC,-18.58811511590105
821,2008-10-20,53.54999923706055,34849800,EXC,11.353709850589043
822,2008-10-27,48.0099983215332,30367200,EXC,-10.345473379004748
823,2008-11-03,54.099998474121094,24465800,EXC,12.684858082689068
824,2008-11-10,54.599998474121094,27651100,EXC,0.9242144438121871
825,2008-11-17,50.56000137329102,29067900,EXC,-7.3992622962158485
826,2008-11-24,50.06999969482422,17098800,EXC,-0.9691488630489908
827,2008-12-01,55.56000137329102,22697200,EXC,10.964652909782842
828,2008-12-08,54.31999969482422,19028200,EXC,-2.231824420117638
829,2008-12-15,54.72999954223633,19990300,EXC,0.7547861739976693
830,2008-12-22,52.68999862670898,8302100,EXC,-3.72739070453132
831,2008-12-29,52.6500015258789,11675000,EXC,-0.07591023319898756
832,2009-01-05,57.0,17302500,EXC,8.26210512450405
833,2009-01-12,54.31999969482422,18897400,EXC,-4.70175492136102
834,2009-01-19,54.59000015258789,16760300,EXC,0.4970553374089919
835,2009-01-26,54.79999923706055,20950600,EXC,0.3846841617249951
836,2009-02-02,53.61000061035156,21155600,EXC,-2.17153037094242
837,2009-02-09,57.68999862670898,17489600,EXC,7.610516638512417
838,2009-02-16,52.52000045776367,18000700,EXC,-8.961688840380264
839,2009-02-23,47.47999954223633,23673300,EXC,-9.596345909365496
840,2009-03-02,46.2400016784668,27934300,EXC,-2.6116214737249064
841,2009-03-09,44.209999084472656,41603700,EXC,-4.390143858795488
842,2009-03-16,42.11000061035156,27014700,EXC,-4.750053195225355
843,2009-03-23,44.63999938964844,19682100,EXC,6.008071105738588
844,2009-03-30,44.709999084472656,20034100,EXC,0.1568093543488062
845,2009-04-06,48.22999954223633,12215600,EXC,7.8729602546248625
846,2009-04-13,47.7400016784668,20356100,EXC,-1.015960747294693
847,2009-04-20,45.5,18670000,EXC,-4.692085462320277
848,2009-04-27,44.75,19858500,EXC,-1.6483516483516485
849,2009-05-04,47.36999893188477,23918500,EXC,5.854746216502285
850,2009-05-11,49.63000106811523,21926600,EXC,4.770956696621848
851,2009-05-18,47.209999084472656,20169400,EXC,-4.876086906226766
852,2009-05-25,46.7400016784668,16975300,EXC,-0.9955463145951242
853,2009-06-01,48.58000183105469,21385400,EXC,3.936671130749193
854,2009-06-08,48.38999938964844,21728900,EXC,-0.391112462422328
855,2009-06-15,50.40999984741211,18972600,EXC,4.174417200335383
856,2009-06-22,49.41999816894531,27504800,EXC,-1.963899387945784
857,2009-06-29,51.0,24536100,EXC,3.197090023462473
858,2009-07-06,48.9900016784668,21314700,EXC,-3.9411731794768685
859,2009-07-13,48.56000137329102,19341100,EXC,-0.8777307418725353
860,2009-07-20,51.70000076293945,25045100,EXC,6.466225907842525
861,2009-07-27,53.68000030517578,22274100,EXC,3.8297862921032446
862,2009-08-03,51.33000183105469,17930500,EXC,-4.377791469376182
863,2009-08-10,49.77000045776367,12490100,EXC,-3.039160953910611
864,2009-08-17,49.52999877929688,18364400,EXC,-0.4822215717487534
865,2009-08-24,51.61999893188477,16395900,EXC,4.219665261654505
866,2009-08-31,50.22999954223633,18420200,EXC,-2.6927536195469894
867,2009-09-07,48.7599983215332,14619900,EXC,-2.9265403824403022
868,2009-09-14,48.25,24491500,EXC,-1.0459358882052703
869,2009-09-21,51.15999984741211,15879900,EXC,6.031087766657222
870,2009-09-28,49.9000015258789,16934500,EXC,-2.462858337160348
871,2009-10-05,48.2400016784668,16853200,EXC,-3.3266528991010165
872,2009-10-12,49.6500015258789,21270100,EXC,2.922885154130277
873,2009-10-19,50.09000015258789,21391800,EXC,0.8862006307888078
874,2009-10-26,49.90999984741211,27253500,EXC,-0.3593537724644658
875,2009-11-02,47.15999984741211,20428700,EXC,-5.509917868979096
876,2009-11-09,47.16999816894531,18685900,EXC,0.021200851496083663
877,2009-11-16,46.959999084472656,17145600,EXC,-0.4451962955786387
878,2009-11-23,47.16999816894531,13825100,EXC,0.4471871562324892
879,2009-11-30,48.08000183105469,22011300,EXC,1.9292001217597716
880,2009-12-07,49.68000030517578,17432900,EXC,3.3277837212719508
881,2009-12-14,51.88999938964844,24368500,EXC,4.4484683391646715
882,2009-12-21,49.93999862670898,11919800,EXC,-3.757951023079925
883,2009-12-28,49.68999862670898,10093500,EXC,-0.5006007346309671
884,2010-01-04,49.06999969482422,23896300,EXC,-1.2477338478965092
885,2010-01-11,48.4900016784668,25289900,EXC,-1.1819808843785231
886,2010-01-18,48.47999954223633,28395700,EXC,-0.020627213619814018
887,2010-01-25,47.11000061035156,29205500,EXC,-2.8259054142341875
888,2010-02-01,45.84000015258789,35873800,EXC,-2.6958192343657332
889,2010-02-08,44.68999862670898,23617000,EXC,-2.50872932384576
890,2010-02-15,43.59000015258789,14927900,EXC,-2.461397422070344
891,2010-02-22,45.18000030517578,21231300,EXC,3.6476259394862467
892,2010-03-01,43.66999816894531,23290100,EXC,-3.342191514012638
893,2010-03-08,45.599998474121094,19144400,EXC,4.419510845201378
894,2010-03-15,44.2400016784668,21566400,EXC,-2.982449213076448
895,2010-03-22,44.54999923706055,24969400,EXC,0.7007177821709646
896,2010-03-29,43.5,11894700,EXC,-2.3569006847189047
897,2010-04-05,44.43999862670898,15284700,EXC,2.1609163832390283
898,2010-04-12,44.38999938964844,21524500,EXC,-0.11250953781643373
899,2010-04-19,43.61000061035156,26196600,EXC,-1.7571497860366436
900,2010-04-26,44.0,29590700,EXC,0.8942888883057356
901,2010-05-03,43.88000106811523,38295200,EXC,-0.2727248451926653
902,2010-05-10,42.77999877929688,29583200,EXC,-2.506841982776628
903,2010-05-17,41.77999877929688,25052000,EXC,-2.3375409736662816
904,2010-05-24,39.31999969482422,25156100,EXC,-5.887982662392177
905,2010-05-31,38.45000076293945,23700900,EXC,-2.212611746279554
906,2010-06-07,37.77000045776367,30805400,EXC,-1.7685313177710227
907,2010-06-14,40.16999816894531,23427800,EXC,6.3542432673927
908,2010-06-21,41.599998474121094,26441200,EXC,3.559871472140838
909,2010-06-28,38.58000183105469,22865500,EXC,-7.259607581344296
910,2010-07-05,38.02000045776367,22269500,EXC,-1.4515327804890008
911,2010-07-12,40.63999938964844,23719000,EXC,6.891107049815311
912,2010-07-19,41.68000030517578,27000700,EXC,2.5590574093173983
913,2010-07-26,41.27999877929688,28869600,EXC,-0.9596965521836316
914,2010-08-02,42.0,22501500,EXC,1.744189055219206
915,2010-08-09,42.33000183105469,18992900,EXC,0.7857186453683036
916,2010-08-16,41.18999862670898,18786600,EXC,-2.6931328963689443
917,2010-08-23,40.650001525878906,22299700,EXC,-1.3109908201840015
918,2010-08-30,40.63000106811523,19852400,EXC,-0.04920161626795055
919,2010-09-06,41.9900016784668,14223500,EXC,3.3472817489508824
920,2010-09-13,43.06999969482422,20162900,EXC,2.572036135238508
921,2010-09-20,42.18000030517578,17700000,EXC,-2.066402126664956
922,2010-09-27,43.060001373291016,14566900,EXC,2.0862993403232677
923,2010-10-04,42.91999816894531,16888400,EXC,-0.3251351599643548
924,2010-10-11,43.150001525878906,15845900,EXC,0.5358885525303034
925,2010-10-18,43.310001373291016,31915700,EXC,0.37079916976631067
926,2010-10-25,42.08000183105469,28201300,EXC,-2.839989617259307
927,2010-11-01,41.09000015258789,38002800,EXC,-2.35266548333699
928,2010-11-08,41.20000076293945,30251400,EXC,0.26770652212965385
929,2010-11-15,40.20000076293945,22964200,EXC,-2.4271844210729427
930,2010-11-22,39.959999084472656,11742100,EXC,-0.5970190893330913
931,2010-11-29,39.38000106811523,25155100,EXC,-1.4514465206351819
932,2010-12-06,40.099998474121094,22553100,EXC,1.828332621831304
933,2010-12-13,40.68000030517578,30243900,EXC,1.4463886611591696
934,2010-12-20,41.18000030517578,15549600,EXC,1.2291052021855178
935,2010-12-27,41.86000061035156,13446400,EXC,1.6512877613804056
936,2011-01-03,41.97999954223633,19583000,EXC,0.28666729607044267
937,2011-01-10,42.5,18150000,EXC,1.2386861920770063
938,2011-01-17,42.7400016784668,18375800,EXC,0.564709831686581
939,2011-01-24,43.25,30926800,EXC,1.1932576076386763
940,2011-01-31,42.20000076293945,38866800,EXC,-2.4277439007180277
941,2011-02-07,42.81999969482422,31569400,EXC,1.4691917551557399
942,2011-02-14,41.959999084472656,23377800,EXC,-2.0084087260176084
943,2011-02-21,41.33000183105469,14737200,EXC,-1.5014234203143726
944,2011-02-28,41.40999984741211,17853700,EXC,0.19355918899890462
945,2011-03-07,41.2599983215332,31773400,EXC,-0.3622350312282855
946,2011-03-14,41.0,66001900,EXC,-0.6301462242123079
947,2011-03-21,40.29999923706055,19183800,EXC,-1.7073189339986663
948,2011-03-28,40.56999969482422,18688700,EXC,0.66997633467788
949,2011-04-04,41.15999984741211,15048900,EXC,1.4542769460832925
950,2011-04-11,40.52999877929688,19342500,EXC,-1.5306148456043738
951,2011-04-18,40.38999938964844,12338700,EXC,-0.34542164782881185
952,2011-04-25,40.63999938964844,38188300,EXC,0.6189650997223648
953,2011-05-02,42.20000076293945,32965700,EXC,3.8385861139760973
954,2011-05-09,41.43000030517578,28522300,EXC,-1.8246456015230585
955,2011-05-16,41.72999954223633,25019000,EXC,0.7241111147736787
956,2011-05-23,41.900001525878906,21276200,EXC,0.4073855391982773
957,2011-05-30,42.0,20257700,EXC,0.238659834079794
958,2011-06-06,41.38000106811523,25586000,EXC,-1.4761879330589829
959,2011-06-13,41.88999938964844,24197800,EXC,1.2324753706354596
960,2011-06-20,41.650001525878906,27500400,EXC,-0.5729240087524037
961,2011-06-27,42.18999862670898,19851700,EXC,1.2965115991521585
962,2011-07-04,43.2400016784668,17790500,EXC,2.488748722293393
963,2011-07-11,43.22999954223633,21553800,EXC,-0.02313167401066439
964,2011-07-18,43.31999969482422,21595500,EXC,0.2081891129791921
965,2011-07-25,43.72999954223633,33118100,EXC,0.9464447144515914
966,2011-08-01,44.47999954223633,45617300,EXC,1.7150697641229506
967,2011-08-08,41.36000061035156,57165600,EXC,-7.014386160058626
968,2011-08-15,41.04999923706055,31302900,EXC,-0.749519750281214
969,2011-08-22,42.27999877929688,28040500,EXC,2.9963448601623197
970,2011-08-29,42.34000015258789,23909200,EXC,0.14191432124730619
971,2011-09-05,42.0099983215332,21315000,EXC,-0.779409139974973
972,2011-09-12,41.959999084472656,26996900,EXC,-0.11901746978865883
973,2011-09-19,43.0,30420400,EXC,2.47855323693798
974,2011-09-26,42.7599983215332,35784300,EXC,-0.5581434382948764
975,2011-10-03,42.5099983215332,44145900,EXC,-0.5846585823510293
976,2011-10-10,42.36000061035156,23929400,EXC,-0.3528527807672487
977,2011-10-17,42.849998474121094,20679400,EXC,1.156746592798183
978,2011-10-24,43.16999816894531,34621300,EXC,0.7467904462528276
979,2011-10-31,44.31999969482422,44066800,EXC,2.663890606106556
980,2011-11-07,44.27999877929688,39462700,EXC,-0.09025477392322283
981,2011-11-14,44.900001525878906,23202100,EXC,1.4001869098332191
982,2011-11-21,43.15999984741211,14094100,EXC,-3.875282002972575
983,2011-11-28,42.65999984741211,24316000,EXC,-1.158480078238416
984,2011-12-05,43.56999969482422,22449500,EXC,2.133145453978038
985,2011-12-12,43.47999954223633,30519100,EXC,-0.20656450130428147
986,2011-12-19,42.900001525878906,34636400,EXC,-1.3339420939828064
987,2011-12-26,43.45000076293945,8769200,EXC,1.2820494580373534
988,2012-01-02,43.22000122070313,31002600,EXC,-0.5293430108118627
989,2012-01-09,41.11000061035156,45258800,EXC,-4.882000348812676
990,2012-01-16,40.290000915527344,31277900,EXC,-1.9946477320599731
991,2012-01-23,39.459999084472656,48822900,EXC,-2.0600690300178512
992,2012-01-30,39.38999938964844,45020800,EXC,-0.17739406094351212
993,2012-02-06,39.75,55843200,EXC,0.9139391112713993
994,2012-02-13,39.56999969482422,34735500,EXC,-0.4528309564170598
995,2012-02-20,39.36999893188477,27097200,EXC,-0.5054353411218405
996,2012-02-27,39.18999862670898,23583600,EXC,-0.4572017019538645
997,2012-03-05,38.790000915527344,28297500,EXC,-1.0206627333460148
998,2012-03-12,38.88999938964844,53420100,EXC,0.2577944618739752
999,2012-03-19,38.790000915527344,25447500,EXC,-0.2571315908729762
1000,2012-03-26,38.959999084472656,26914900,EXC,0.4382525520314271
1001,2012-04-02,39.310001373291016,22902800,EXC,0.8983631854289527
1002,2012-04-09,38.16999816894531,30566200,EXC,-2.900033488984492
1003,2012-04-16,37.59000015258789,21748200,EXC,-1.5195128220606045
1004,2012-04-23,37.61999893188477,39261900,EXC,0.07980521195825756
1005,2012-04-30,38.790000915527344,43275000,EXC,3.110053208031693
1006,2012-05-07,38.43999862670898,36043600,EXC,-0.9023002850156244
1007,2012-05-14,38.70000076293945,31346200,EXC,0.6763843535879331
1008,2012-05-21,37.84000015258789,31154100,EXC,-2.222223755548684
1009,2012-05-28,37.04999923706055,26178900,EXC,-2.087740254602814
1010,2012-06-04,36.59000015258789,45916200,EXC,-1.241563006599272
1011,2012-06-11,37.93000030517578,30769300,EXC,3.6622031893954965
1012,2012-06-18,37.31999969482422,28266600,EXC,-1.6082272750952868
1013,2012-06-25,36.72000122070313,23414900,EXC,-1.607712966311461
1014,2012-07-02,37.63000106811523,15790700,EXC,2.4782130096962725
1015,2012-07-09,37.290000915527344,21702100,EXC,-0.9035347938801244
1016,2012-07-16,38.5,23548100,EXC,3.2448352232912385
1017,2012-07-23,39.099998474121094,24913800,EXC,1.558437595119724
1018,2012-07-30,39.36999893188477,55902700,EXC,0.6905382820983553
1019,2012-08-06,38.4900016784668,28494500,EXC,-2.235197554717961
1020,2012-08-13,38.459999084472656,22345300,EXC,-0.07794905867963513
1021,2012-08-20,37.5,20695200,EXC,-2.496097522946208
1022,2012-08-27,36.83000183105469,23008100,EXC,-1.7866617838541667
1023,2012-09-03,36.58000183105469,19572700,EXC,-0.6787944272899886
1024,2012-09-10,36.08000183105469,42430100,EXC,-1.366867072093812
1025,2012-09-17,36.02000045776367,32316300,EXC,-0.16630091531583954
1026,2012-09-24,35.52000045776367,24646300,EXC,-1.3881176947409812
1027,2012-10-01,35.65999984741211,22236600,EXC,0.3941424207325357
1028,2012-10-08,35.93000030517578,22762400,EXC,0.7571521562506853
1029,2012-10-15,36.11000061035156,21363300,EXC,0.5009749614442721
1030,2012-10-22,36.88000106811523,29086900,EXC,2.1323745354435983
1031,2012-10-29,35.5099983215332,63589300,EXC,-3.7147578820610887
1032,2012-11-05,32.389999389648445,78794600,EXC,-8.786254799659611
1033,2012-11-12,31.15999984741211,46842200,EXC,-3.7974670127021737
1034,2012-11-19,29.40999984741211,24936800,EXC,-5.616174610300393
1035,2012-11-26,28.81999969482422,54543000,EXC,-2.0061208964603474
1036,2012-12-03,30.21999931335449,49062300,EXC,4.857736409975381
1037,2012-12-10,29.63999938964844,26600200,EXC,-1.9192585601738925
1038,2012-12-17,29.6299991607666,46930600,EXC,-0.03373896453362277
1039,2012-12-24,29.65999984741211,17024100,EXC,0.10125105465825339
1040,2012-12-31,29.0,35315800,EXC,-2.2252186473618463
1041,2013-01-07,30.190000534057607,24143900,EXC,4.103450117440047
1042,2013-01-14,29.35000038146973,37888900,EXC,-2.782378727155939
1043,2013-01-21,30.31999969482422,35354600,EXC,3.3049379923241933
1044,2013-01-28,31.11000061035156,37316000,EXC,2.6055439428721283
1045,2013-02-04,30.920000076293945,54127300,EXC,-0.610737802410691
1046,2013-02-11,31.04999923706055,64674300,EXC,0.4204371295143501
1047,2013-02-18,30.57999992370605,26582700,EXC,-1.5136854264186876
1048,2013-02-25,30.6200008392334,32666600,EXC,0.1308074415537785
1049,2013-03-04,30.84000015258789,29343300,EXC,0.7184823883891184
1050,2013-03-11,32.009998321533196,31408200,EXC,3.793768363023587
1051,2013-03-18,33.18000030517578,27808900,EXC,3.655114167424128
1052,2013-03-25,33.950000762939446,20593600,EXC,2.3206764637779447
1053,2013-04-01,34.419998168945305,24840200,EXC,1.38438113532804
1054,2013-04-08,35.080001831054695,26966400,EXC,1.9175005729804577
1055,2013-04-15,36.040000915527344,33163100,EXC,2.7365992997834065
1056,2013-04-22,36.68000030517578,26067600,EXC,1.775802922837059
1057,2013-04-29,37.43999862670898,39597900,EXC,2.071969234487589
1058,2013-05-06,35.47999954223633,53980800,EXC,-5.235040481744097
1059,2013-05-13,35.400001525878906,30320300,EXC,-0.22547355521295914
1060,2013-05-20,35.209999084472656,28609200,EXC,-0.5367300373344621
1061,2013-05-27,32.130001068115234,46663200,EXC,-8.74750950424102
1062,2013-06-03,31.3799991607666,35529800,EXC,-2.334272898897941
1063,2013-06-10,31.559999465942386,32994600,EXC,0.573614754588118
1064,2013-06-17,30.770000457763672,38950100,EXC,-2.503165467512865
1065,2013-06-24,30.0,39295900,EXC,-2.502438889530113
1066,2013-07-01,30.95000076293945,18610900,EXC,3.166669209798165
1067,2013-07-08,29.770000457763672,23994200,EXC,-3.812601861350352
1068,2013-07-15,30.959999084472656,22441400,EXC,3.997308056468795
1069,2013-07-22,32.0,21725500,EXC,3.3591761830798457
1070,2013-07-29,31.440000534057607,30601600,EXC,-1.7499983310699574
1071,2013-08-05,30.59000015258789,50792200,EXC,-2.703563508368754
1072,2013-08-12,31.149999618530273,40564600,EXC,1.8306618605721297
1073,2013-08-19,30.03000068664551,30784000,EXC,-3.595502233067463
1074,2013-08-26,30.899999618530273,22914800,EXC,2.8970992740325006
1075,2013-09-02,30.65999984741211,19461600,EXC,-0.7766982979968705
1076,2013-09-09,30.34000015258789,23301100,EXC,-1.0437041631336756
1077,2013-09-16,30.420000076293945,30438400,EXC,0.2636780596694591
1078,2013-09-23,30.059999465942386,21504400,EXC,-1.1834339561100278
1079,2013-09-30,29.670000076293945,21058900,EXC,-1.2974031822266185
1080,2013-10-07,29.06999969482422,23784800,EXC,-2.022245972116196
1081,2013-10-14,30.18000030517578,38743000,EXC,3.8183715927220767
1082,2013-10-21,28.790000915527344,57974600,EXC,-4.605697069559196
1083,2013-10-28,27.649999618530273,46851500,EXC,-3.9597126111317085
1084,2013-11-04,28.709999084472656,68882500,EXC,3.833632841108613
1085,2013-11-11,28.229999542236328,56080000,EXC,-1.6718897859384754
1086,2013-11-18,28.25,28609300,EXC,0.0708482397732532
1087,2013-11-25,27.35000038146973,22476700,EXC,-3.1858393576292734
1088,2013-12-02,26.95000076293945,39823800,EXC,-1.4625214367502886
1089,2013-12-09,28.43000030517578,36061300,EXC,5.491649351904906
1090,2013-12-16,27.690000534057607,47301200,EXC,-2.6028834441603856
1091,2013-12-23,27.35000038146973,19981400,EXC,-1.2278806284951012
1092,2013-12-30,27.15999984741211,27772900,EXC,-0.6947002976510033
1093,2014-01-06,26.61000061035156,31520700,EXC,-2.025034021172706
1094,2014-01-13,27.13999938964844,24370200,EXC,1.9917277983477657
1095,2014-01-20,27.270000457763672,37628700,EXC,0.4790017355888923
1096,2014-01-27,28.45000076293945,40705100,EXC,4.32710042305788
1097,2014-02-03,29.1200008392334,56243900,EXC,2.3550089923608306
1098,2014-02-10,29.35000038146973,37075500,EXC,0.7898335700816778
1099,2014-02-17,29.76000022888184,30181400,EXC,1.3969330224300947
1100,2014-02-24,30.420000076293945,30290600,EXC,2.217741405699256
1101,2014-03-03,30.239999771118164,28212600,EXC,-0.5917169780550198
1102,2014-03-10,29.809999465942386,20546300,EXC,-1.421958691899414
1103,2014-03-17,30.729999542236328,40160700,EXC,3.0862129915333685
1104,2014-03-24,32.560001373291016,39677200,EXC,5.955098790481505
1105,2014-03-31,33.400001525878906,37618000,EXC,2.5798529396775245
1106,2014-04-07,34.450000762939446,41532600,EXC,3.143710146980029
1107,2014-04-14,35.150001525878906,24820300,EXC,2.031932503445706
1108,2014-04-21,35.9900016784668,24144500,EXC,2.389758509596215
1109,2014-04-28,36.310001373291016,59835300,EXC,0.8891349816626377
1110,2014-05-05,35.77000045776367,33479100,EXC,-1.4871960757472147
1111,2014-05-12,36.25,37833400,EXC,1.3419053287491558
1112,2014-05-19,34.330001831054695,33081600,EXC,-5.296546672952567
1113,2014-05-26,34.669998168945305,46336900,EXC,0.9903766960567195
1114,2014-06-02,36.61999893188477,35835400,EXC,5.624461684241236
1115,2014-06-09,37.2599983215332,85913500,EXC,1.747677248267715
1116,2014-06-16,35.91999816894531,53111200,EXC,-3.596350544689856
1117,2014-06-23,36.95000076293945,30992000,EXC,2.8674906639740056
1118,2014-06-30,36.45000076293945,32417400,EXC,-1.3531799449960928
1119,2014-07-07,34.060001373291016,42029300,EXC,-6.556925485934338
1120,2014-07-14,33.950000762939446,48399700,EXC,-0.32296126223244753
1121,2014-07-21,32.240001678466804,31565100,EXC,-5.03681604136903
1122,2014-07-28,31.40999984741211,38923200,EXC,-2.574447232765051
1123,2014-08-04,31.520000457763672,41384100,EXC,0.350208885342053
1124,2014-08-11,32.18000030517578,22259000,EXC,2.0939081149332446
1125,2014-08-18,31.93000030517578,22942700,EXC,-0.7768800423528597
1126,2014-08-25,32.459999084472656,20807900,EXC,1.6598771507401564
1127,2014-09-01,33.43000030517578,25236800,EXC,2.9882971289642715
1128,2014-09-08,33.810001373291016,23043100,EXC,1.1367067443801395
1129,2014-09-15,32.900001525878906,30328500,EXC,-2.691510826530118
1130,2014-09-22,34.240001678466804,29637200,EXC,4.072948603159982
1131,2014-09-29,33.540000915527344,31632000,EXC,-2.0443946513579867
1132,2014-10-06,34.97999954223633,36076000,EXC,4.293376825885349
1133,2014-10-13,34.889999389648445,44292900,EXC,-0.2572903195130507
1134,2014-10-20,34.34999847412109,28600000,EXC,-1.5477240612608654
1135,2014-10-27,35.560001373291016,32013800,EXC,3.52257045973825
1136,2014-11-03,36.54999923706055,37235100,EXC,2.7840208817120997
1137,2014-11-10,37.70000076293945,34707000,EXC,3.146379069449722
1138,2014-11-17,35.34000015258789,27301700,EXC,-6.259948441888451
1139,2014-11-24,36.13999938964844,19089600,EXC,2.2637216570638987
1140,2014-12-01,35.939998626708984,34034500,EXC,-0.5534055515140359
1141,2014-12-08,35.720001220703125,30718500,EXC,-0.6121241358155403
1142,2014-12-15,36.11000061035156,34528900,EXC,1.0918235619275285
1143,2014-12-22,37.22000122070313,21459700,EXC,3.073942374936899
1144,2014-12-29,38.18999862670898,22434500,EXC,2.606118684021689
1145,2015-01-05,37.29999923706055,33531700,EXC,-2.330451483771436
1146,2015-01-12,36.77000045776367,30231800,EXC,-1.4209082845510588
1147,2015-01-19,37.5,22600300,EXC,1.9853128451136446
1148,2015-01-26,37.2599983215332,22904400,EXC,-0.6400044759114583
1149,2015-02-02,36.0,36639600,EXC,-3.381638159669557
1150,2015-02-09,34.97999954223633,49358800,EXC,-2.833334604899089
1151,2015-02-16,33.43000030517578,30026600,EXC,-4.431101364621267
1152,2015-02-23,33.459999084472656,37603100,EXC,0.08973610237218711
1153,2015-03-02,33.919998168945305,39560400,EXC,1.3747731531950784
1154,2015-03-09,32.330001831054695,34229600,EXC,-4.68748945672496
1155,2015-03-16,32.560001373291016,37548500,EXC,0.7114120915866889
1156,2015-03-23,33.25,30669200,EXC,2.1191603120600315
1157,2015-03-30,32.5,48650500,EXC,-2.2556390977443606
1158,2015-04-06,33.470001220703125,24929200,EXC,2.984619140625
1159,2015-04-13,33.279998779296875,27986700,EXC,-0.5676798161833425
1160,2015-04-20,33.139999389648445,31074600,EXC,-0.42067125836411534
1161,2015-04-27,34.09999847412109,33367700,EXC,2.8967987391469467
1162,2015-05-04,34.110000610351555,33215200,EXC,0.029331779114475612
1163,2015-05-11,33.84999847412109,32622700,EXC,-0.7622460615012844
1164,2015-05-18,34.360000610351555,23438300,EXC,1.5066533507242967
1165,2015-05-25,34.360000610351555,20440000,EXC,0.0
1166,2015-06-01,34.009998321533196,30675300,EXC,-1.0186329528554054
1167,2015-06-08,33.52000045776367,32632300,EXC,-1.4407465097088388
1168,2015-06-15,33.740001678466804,35687600,EXC,0.656328215091587
1169,2015-06-22,33.68000030517578,32721400,EXC,-0.1778345296565773
1170,2015-06-29,32.080001831054695,22247200,EXC,-4.750589250663417
1171,2015-07-06,31.95000076293945,34871800,EXC,-0.40524021413676753
1172,2015-07-13,32.860000610351555,38618800,EXC,2.848199767393008
1173,2015-07-20,33.439998626708984,55270500,EXC,1.7650578380534723
1174,2015-07-27,30.899999618530273,58677900,EXC,-7.5956911258661926
1175,2015-08-03,32.06999969482422,36494400,EXC,3.786408060640601
1176,2015-08-10,32.450000762939446,31126100,EXC,1.1849113555699713
1177,2015-08-17,32.950000762939446,41798700,EXC,1.5408320130797681
1178,2015-08-24,32.65999984741211,79813400,EXC,-0.8801241542109933
1179,2015-08-31,31.15999984741211,40377100,EXC,-4.592774056974945
1180,2015-09-07,30.06999969482422,18873200,EXC,-3.4980749612500945
1181,2015-09-14,29.88999938964844,34418000,EXC,-0.598604280021859
1182,2015-09-21,30.93000030517578,69989000,EXC,3.4794276907463417
1183,2015-09-28,29.29999923706055,38087300,EXC,-5.269967837156694
1184,2015-10-05,29.989999771118164,40451700,EXC,2.3549506895032812
1185,2015-10-12,30.940000534057607,44735800,EXC,3.1677251423467716
1186,2015-10-19,30.3700008392334,32941800,EXC,-1.842274353540429
1187,2015-10-26,29.8700008392334,46840900,EXC,-1.646361495499455
1188,2015-11-02,27.96999931335449,41005500,EXC,-6.360902150974539
1189,2015-11-09,28.20000076293945,48243300,EXC,0.8223148202765419
1190,2015-11-16,28.34000015258789,41711500,EXC,0.49645172291069156
1191,2015-11-23,27.979999542236328,21362400,EXC,-1.2702914905195892
1192,2015-11-30,27.6200008392334,39500000,EXC,-1.2866286951131107
1193,2015-12-07,26.709999084472656,35428900,EXC,-3.2947202284951107
1194,2015-12-14,25.989999771118164,58052600,EXC,-2.695617139773883
1195,2015-12-21,27.06999969482422,23111000,EXC,4.155444144736866
1196,2015-12-28,27.649999618530273,19397000,EXC,2.142593019005281
1197,2016-01-04,27.479999542236328,33096600,EXC,-0.6148284941747916
1198,2016-01-11,27.95000076293945,42751300,EXC,1.7103392595794513
1199,2016-01-18,27.6299991607666,35786000,EXC,-1.144907311047937
1200,2016-01-25,28.0,40227300,EXC,1.3391272185009095
1201,2016-02-01,29.399999618530273,59620400,EXC,4.99999863760812
1202,2016-02-08,32.759998321533196,49154200,EXC,11.42856716530424
1203,2016-02-15,30.790000915527344,31582200,EXC,-6.013423403355214
1204,2016-02-22,31.489999771118164,43252500,EXC,2.273461626426299
1205,2016-02-29,31.729999542236328,44631800,EXC,0.7621459919421335
1206,2016-03-07,33.47999954223633,36369100,EXC,5.515285298603758
1207,2016-03-14,34.669998168945305,30350700,EXC,3.554356759198122
1208,2016-03-21,34.75,27312700,EXC,0.2307523371211309
1209,2016-03-28,35.27000045776367,31199800,EXC,1.4964041950033724
1210,2016-04-04,35.689998626708984,28057300,EXC,1.1908085157193757
1211,2016-04-11,34.720001220703125,27711300,EXC,-2.717840973184997
1212,2016-04-18,34.15999984741211,26560500,EXC,-1.6129071244303226
1213,2016-04-25,33.889999389648445,24641900,EXC,-0.7903994700518696
1214,2016-05-02,35.2599983215332,28588700,EXC,4.042487331242676
1215,2016-05-09,35.68000030517578,22503000,EXC,1.191157128859203
1216,2016-05-16,34.84000015258789,24102600,EXC,-2.35426049720644
1217,2016-05-23,34.31999969482422,23639000,EXC,-1.4925386207986184
1218,2016-05-30,34.34000015258789,21473900,EXC,0.05827639260348867
1219,2016-06-06,35.049999237060554,19181900,EXC,2.0675570218923167
1220,2016-06-13,34.669998168945305,28202700,EXC,-1.084168548892434
1221,2016-06-20,34.740001678466804,25331200,EXC,0.20191379641952878
1222,2016-06-27,34.27000045776367,35647800,EXC,-1.352910759916448
1223,2016-07-04,36.04999923706055,18958300,EXC,5.194043640269711
1224,2016-07-11,36.060001373291016,25095300,EXC,0.027745177370728586
1225,2016-07-18,36.4900016784668,21249700,EXC,1.19245781697134
1226,2016-07-25,37.33000183105469,19267600,EXC,2.3020008603715283
1227,2016-08-01,37.20000076293945,25458000,EXC,-0.34824822324837645
1228,2016-08-08,36.27999877929688,36360900,EXC,-2.473123561220795
1229,2016-08-15,34.900001525878906,26788100,EXC,-3.80374117930089
1230,2016-08-22,34.490001678466804,16435900,EXC,-1.1747846117086296
1231,2016-08-29,34.049999237060554,18575900,EXC,-1.2757391127671571
1232,2016-09-05,34.27000045776367,15101100,EXC,0.6461122632380711
1233,2016-09-12,33.34999847412109,30013500,EXC,-2.684569510807124
1234,2016-09-19,33.880001068115234,22577800,EXC,1.5892132481067995
1235,2016-09-26,34.779998779296875,23562300,EXC,2.656427635206412
1236,2016-10-03,33.25,27045600,EXC,-4.399076575608224
1237,2016-10-10,32.389999389648445,22474300,EXC,-2.5864680010573093
1238,2016-10-17,32.799999237060554,18111700,EXC,1.265822337567384
1239,2016-10-24,32.61999893188477,24099300,EXC,-0.5487814309836928
1240,2016-10-31,33.34000015258789,24462800,EXC,2.2072386397270694
1241,2016-11-07,32.97999954223633,44447800,EXC,-1.0797858689380324
1242,2016-11-14,29.899999618530273,40100500,EXC,-9.338993227582087
1243,2016-11-21,31.86000061035156,17796800,EXC,6.555187347248631
1244,2016-11-28,32.740001678466804,38316200,EXC,2.762087417629634
1245,2016-12-05,33.0,34406600,EXC,0.7941304465607208
1246,2016-12-12,34.65999984741211,47339200,EXC,5.030302567915483
1247,2016-12-19,35.86000061035156,35249300,EXC,3.462206486504215
1248,2016-12-26,35.2400016784668,16670600,EXC,-1.728942892727651
1249,2017-01-02,35.66999816894531,25419900,EXC,1.2201942962484662
1250,2017-01-09,36.09000015258789,25914100,EXC,1.1774656720006127
1251,2017-01-16,35.54999923706055,17290700,EXC,-1.496261882084315
1252,2017-01-23,35.849998474121094,20520900,EXC,0.8438797285480683
1253,2017-01-30,35.139999389648445,28950900,EXC,-1.9804717285697337
1254,2017-02-06,35.88999938964844,32460000,EXC,2.134319900474808
1255,2017-02-13,34.77000045776367,22914500,EXC,-3.1206434966053553
1256,2017-02-20,35.38999938964844,22188700,EXC,1.7831432951457677
1257,2017-02-27,37.09000015258789,23006200,EXC,4.803619079566028
1258,2017-03-06,36.20000076293945,18866000,EXC,-2.399566961410053
1259,2017-03-13,35.970001220703125,22990900,EXC,-0.6353578380909738
1260,2017-03-20,36.11000061035156,24466400,EXC,0.3892115232063394
1261,2017-03-27,36.2599983215332,24038100,EXC,0.41539105136055066
1262,2017-04-03,35.95000076293945,26084000,EXC,-0.8549298757403864
1263,2017-04-10,36.0,18797400,EXC,0.13907993323908535
1264,2017-04-17,35.97999954223633,21181900,EXC,-0.05555682712131076
1265,2017-04-24,35.20000076293945,21829400,EXC,-2.1678676743206937
1266,2017-05-01,34.650001525878906,27066200,EXC,-1.562497798692144
1267,2017-05-08,34.380001068115234,29794500,EXC,-0.779222066013526
1268,2017-05-15,34.360000610351555,34534000,EXC,-0.05817468627779608
1269,2017-05-22,34.90999984741211,34267200,EXC,1.6006962377493585
1270,2017-05-29,35.720001220703125,17967200,EXC,2.3202560207145386
1271,2017-06-05,36.560001373291016,20991100,EXC,2.351624087014395
1272,2017-06-12,36.65999984741211,21332100,EXC,0.27351879202649004
1273,2017-06-19,37.13999938964844,19923700,EXC,1.30932772567977
1274,2017-06-26,36.65999984741211,23107000,EXC,-1.292405896942778
1275,2017-07-03,36.20000076293945,16681200,EXC,-1.2547711030749729
1276,2017-07-10,35.59000015258789,18685900,EXC,-1.6850845234679224
1277,2017-07-17,36.4900016784668,23259100,EXC,2.528804501321317
1278,2017-07-24,37.47999954223633,24340800,EXC,2.713066095455242
1279,2017-07-31,38.38999938964844,28290500,EXC,2.427961202044914
1280,2017-08-07,38.150001525878906,19154200,EXC,-0.6251572482031474
1281,2017-08-14,37.560001373291016,18980100,EXC,-1.546527205739864
1282,2017-08-21,38.060001373291016,16898400,EXC,1.3312033592084769
1283,2017-08-28,38.36999893188477,22610000,EXC,0.8144969716456736
1284,2017-09-04,37.59000015258789,19912700,EXC,-2.03283502999714
1285,2017-09-11,38.13999938964844,32529800,EXC,1.4631530588665933
1286,2017-09-18,37.59000015258789,26927700,EXC,-1.4420536073994326
1287,2017-09-25,37.13999938964844,25498000,EXC,-1.197128920225537
1288,2017-10-02,37.810001373291016,28426100,EXC,1.8039902925505145
1289,2017-10-09,38.15999984741211,20907700,EXC,0.9256769674923436
1290,2017-10-16,39.150001525878906,24567400,EXC,2.5943440315132382
1291,2017-10-23,39.59000015258789,19383100,EXC,1.1238789516218457
1292,2017-10-30,40.06999969482422,27291700,EXC,1.2124262197178894
1293,2017-11-06,40.97000122070313,19356900,EXC,2.24607320372694
1294,2017-11-13,41.38000106811523,28173800,EXC,1.0007318408497201
1295,2017-11-20,41.31999969482422,11373100,EXC,-0.1450008983620876
1296,2017-11-27,41.70000076293945,25958500,EXC,0.9196540922599129
1297,2017-12-04,41.88999938964844,31227100,EXC,0.4556321900066826
1298,2017-12-11,41.09000015258789,39013100,EXC,-1.9097618732795616
1299,2017-12-18,40.88999938964844,23073000,EXC,-0.4867382871665842
1300,2017-12-25,39.11999893188477,13926700,EXC,-4.328687904582732
1301,2018-01-01,39.540000915527344,21839300,EXC,1.0736247318765857
1302,2018-01-08,38.27999877929688,35888600,EXC,-3.186651762912983
1303,2018-01-15,38.47000122070313,29181400,EXC,0.49634913130929814
1304,2018-01-22,38.22000122070313,35792300,EXC,-0.6498570108322722
1305,2018-01-29,38.709999084472656,29764700,EXC,1.2820456518041672
1306,2018-02-05,37.72000122070313,50284100,EXC,-2.557473229614805
1307,2018-02-12,36.900001525878906,38738900,EXC,-2.1739121640700207
1308,2018-02-19,37.72999954223633,38191700,EXC,2.249317024486634
1309,2018-02-26,38.290000915527344,30239000,EXC,1.4842337134516257
1310,2018-03-05,36.849998474121094,29374500,EXC,-3.7607793339652313
1311,2018-03-12,37.54999923706055,37609800,EXC,1.8995950934191967
1312,2018-03-19,38.43000030517578,33976600,EXC,2.343544836205226
1313,2018-03-26,37.900001525878906,23049400,EXC,-1.3791276999430424
1314,2018-04-02,39.099998474121094,25652600,EXC,3.166218733323282
1315,2018-04-09,38.709999084472656,28273300,EXC,-0.9974409331666965
1316,2018-04-16,38.52000045776367,21687600,EXC,-0.49082570705923
1317,2018-04-23,38.72000122070313,20752300,EXC,0.5192127740464506
1318,2018-04-30,39.91999816894531,41355300,EXC,3.0991655744074618
1319,2018-05-07,41.13000106811523,31046300,EXC,3.031069525727593
1320,2018-05-14,40.45000076293945,29759400,EXC,-1.6532951313315756
1321,2018-05-21,39.540000915527344,27345700,EXC,-2.249690556856199
1322,2018-05-28,40.4900016784668,25958500,EXC,2.4026321217569526
1323,2018-06-04,41.09000015258789,29313800,EXC,1.4818435397600442
1324,2018-06-11,40.0,33138300,EXC,-2.6527139171092005
1325,2018-06-18,41.43000030517578,26874300,EXC,3.575000762939453
1326,2018-06-25,41.59000015258789,38929700,EXC,0.38619320838412075
1327,2018-07-02,42.66999816894531,15153300,EXC,2.596773292606541
1328,2018-07-09,43.15999984741211,27674600,EXC,1.1483517682065756
1329,2018-07-16,42.27999877929688,29562600,EXC,-2.038927412480036
1330,2018-07-23,42.16999816894531,23432000,EXC,-0.2601717443885861
1331,2018-07-30,42.15999984741211,26887200,EXC,-0.023709561222049223
1332,2018-08-06,42.43999862670898,22566300,EXC,0.6641337293886518
1333,2018-08-13,43.16999816894531,31199700,EXC,1.7200743776106555
1334,2018-08-20,44.290000915527344,20558600,EXC,2.5944007275583214
1335,2018-08-27,44.11999893188477,19735400,EXC,-0.38383829335838
1336,2018-09-03,44.09000015258789,21217900,EXC,-0.06799360839331865
1337,2018-09-10,44.27000045776367,24841600,EXC,0.4082565310792271
1338,2018-09-17,44.38000106811523,32938200,EXC,0.24847664154985225
1339,2018-09-24,43.59000015258789,29543000,EXC,-1.7800831377061683
1340,2018-10-01,43.459999084472656,24709600,EXC,-0.29823598912631877
1341,2018-10-08,43.97000122070313,32447600,EXC,1.1734978071195792
1342,2018-10-15,42.959999084472656,27813000,EXC,-2.2970254905404
1343,2018-10-22,43.72999954223633,31312700,EXC,1.7923660944443052
1344,2018-10-29,43.560001373291016,35179600,EXC,-0.38874495935249415
1345,2018-11-05,43.83000183105469,31456500,EXC,0.6198357420833869
1346,2018-11-12,44.83000183105469,30324200,EXC,2.28154222729572
1347,2018-11-19,45.91999816894531,18935800,EXC,2.431399271403914
1348,2018-11-26,44.93999862670898,24546100,EXC,-2.1341454296901246
1349,2018-12-03,46.349998474121094,26394200,EXC,3.137516445258896
1350,2018-12-10,46.79999923706055,26814000,EXC,0.970875464409573
1351,2018-12-17,47.09000015258789,42014800,EXC,0.6196600860149039
1352,2018-12-24,45.88000106811523,20841800,EXC,-2.5695457221317644
1353,2018-12-31,44.77999877929688,19940400,EXC,-2.397563782061032
1354,2019-01-07,44.31999969482422,27613100,EXC,-1.0272422889956276
1355,2019-01-14,45.34000015258789,26397600,EXC,2.301445092028712
1356,2019-01-21,46.02000045776367,21049300,EXC,1.4997801122348884
1357,2019-01-28,46.47000122070313,25365300,EXC,0.9778373717150716
1358,2019-02-04,47.209999084472656,32536300,EXC,1.592420581731862
1359,2019-02-11,47.65999984741211,24650000,EXC,0.9531895184625373
1360,2019-02-18,48.040000915527344,24418700,EXC,0.7973165533609796
1361,2019-02-25,48.959999084472656,25359000,EXC,1.9150669263371172
1362,2019-03-04,48.65999984741211,19197700,EXC,-0.6127435512058448
1363,2019-03-11,48.790000915527344,30109200,EXC,0.26716208081153175
1364,2019-03-18,50.0099983215332,32734100,EXC,2.5005070365096
1365,2019-03-25,50.31000137329102,26313600,EXC,0.599886146424134
1366,2019-04-01,50.34000015258789,23927000,EXC,0.0596278641979801
1367,2019-04-08,49.86999893188477,26244900,EXC,-0.9336535941169559
1368,2019-04-15,49.81000137329102,22594900,EXC,-0.12030792035046564
1369,2019-04-22,49.4900016784668,28838800,EXC,-0.6424406464598397
1370,2019-04-29,50.36999893188477,27698300,EXC,1.7781313872956777
1371,2019-05-06,49.93000030517578,23970900,EXC,-0.8735331269393126
1372,2019-05-13,49.209999084472656,22281700,EXC,-1.4420212623721715
1373,2019-05-20,49.099998474121094,20959100,EXC,-0.2235330469377539
1374,2019-05-27,49.58000183105469,16332400,EXC,0.9776036086571099
1375,2019-06-03,48.31000137329102,22109000,EXC,-2.5615175693039074
1376,2019-06-10,49.959999084472656,20985400,EXC,3.4154371026241823
1377,2019-06-17,50.77000045776367,29191400,EXC,1.6212998161218148
1378,2019-06-24,50.2400016784668,29942200,EXC,-1.0439211631242526
1379,2019-07-01,47.97000122070313,19846300,EXC,-4.518312862112427
1380,2019-07-08,49.1500015258789,26937900,EXC,2.459871326137254
1381,2019-07-15,49.0099983215332,26189700,EXC,-0.284848830110372
1382,2019-07-22,47.68999862670898,37897200,EXC,-2.693327361825814
1383,2019-07-29,45.9000015258789,33823500,EXC,-3.753401451824708
1384,2019-08-05,44.810001373291016,33411300,EXC,-2.374727922336408
1385,2019-08-12,45.209999084472656,29020300,EXC,0.8926527536775731
1386,2019-08-19,45.20000076293945,24578300,EXC,-0.022115288068291602
1387,2019-08-26,45.02999877929688,28092700,EXC,-0.37611057693158206
1388,2019-09-02,47.08000183105469,24862300,EXC,4.552527442439818
1389,2019-09-09,47.91999816894531,30443300,EXC,1.784189263426389
1390,2019-09-16,47.27000045776367,27467300,EXC,-1.3564226544626068
1391,2019-09-23,48.27999877929688,22662300,EXC,2.1366581589853295
1392,2019-09-30,48.59000015258789,21035400,EXC,0.6420906817088432
1393,2019-10-07,48.22999954223633,21468500,EXC,-0.7408944416979777
1394,2019-10-14,47.61000061035156,57536500,EXC,-1.2855047434570586
1395,2019-10-21,44.77999877929688,37897000,EXC,-5.944133154325922
1396,2019-10-28,45.83000183105469,33260100,EXC,2.344803663199859
1397,2019-11-04,45.45000076293945,28836300,EXC,-0.829153508472573
1398,2019-11-11,44.66999816894531,22020600,EXC,-1.7161772957112145
1399,2019-11-18,45.18000030517578,55593000,EXC,1.1417106718957142
1400,2019-11-25,44.43000030517578,27093800,EXC,-1.6600265492120432
1401,2019-12-02,44.29999923706055,28741700,EXC,-0.29259749543618657
1402,2019-12-09,44.90999984741211,28767700,EXC,1.3769765707834312
1403,2019-12-16,43.9900016784668,42092000,EXC,-2.0485374572948847
1404,2019-12-23,45.45000076293945,15546000,EXC,3.318933913992845
1405,2019-12-30,45.4000015258789,17709500,EXC,-0.1100093206188107
1406,2020-01-06,45.540000915527344,23789200,EXC,0.30836868930200845
